#  T   alpha   e   m(norm)    m(1)   free_ener   convergence
0.1	0.5	0.4999014416059478	0.0	0.0	-0.819329179993427	true
0.1	0.505	0.5001515060476582	0.0	0.0	-0.8195165527485795	true
0.1	0.51	0.5008992063422304	0.0	0.0	-0.8200777379076327	true
0.1	0.515	0.5021371375522091	2.7867659901958074e-16	-2.7867659901958074e-16	-0.8210099546362417	true
0.1	0.52	0.5038532011616308	4.2941521319533327e-13	-4.2941521319533327e-13	-0.8223086290547832	true
0.1	0.525	0.5060309555431078	3.549518802071118e-11	-3.549525366088771e-11	-0.8239674828577599	true
0.1	0.53	0.5086500796809486	7.341315696249795e-11	-7.341315696249795e-11	-0.8259786522781543	true
0.1	0.535	0.5116869260283436	1.960129215740505e-10	-1.9601286145716103e-10	-0.8283328327195334	true
0.1	0.54	0.5151151351018974	2.8602089673677014e-10	-2.8602089673677014e-10	-0.8310194436004998	true
0.1	0.545	0.5189062832358552	6.766361285544524e-10	-6.766361285544524e-10	-0.8340268075170164	true
0.1	0.55	0.5230305357371434	1.686239350904653e-9	-1.6862395514974062e-9	-0.8373423377294262	true
0.1	0.555	0.5276141045370317	0.09240765363755093	-0.09240765363755093	-0.8409528642857641	true
0.1	0.56	0.5417962762213845	0.6843163337071756	-0.6843163337071756	-0.8455284150872213	true
0.1	0.565	0.5524507240650705	0.8320595815807589	-0.8320595815807589	-0.8512088048904518	true
0.1	0.57	0.5611352118530071	0.9013878795648566	-0.9013878795648566	-0.8575341853669933	true
0.1	0.575	0.568629251716577	0.9388283749002224	-0.9388283749002224	-0.8642557527359327	true
0.1	0.58	0.5753635365110723	0.9606547739126313	-0.9606547739126313	-0.8712296622415547	true
0.1	0.585	0.5815934893455903	0.9740289743979258	-0.9740289743979258	-0.8783686936042523	true
0.1	0.59	0.5874787540171333	0.9825194834497976	-0.9825194834497976	-0.8856180400876028	true
0.1	0.595	0.5931231742927847	0.9880543155697447	-0.9880543155697447	-0.8929423012507374	true
0.1	0.6	0.5985964176686852	0.9917371593361846	-0.9917371593361847	-0.9003181088803779	true
0.1	0.605	0.6039463701970985	0.9942279346437168	-0.9942279346437168	-0.9077297654554943	true
0.1	0.61	0.6092065849042733	0.9959348408189691	-0.9959348408189692	-0.9151665749323916	true
0.1	0.615	0.6144009354353374	0.9971173073705475	-0.9971173073705475	-0.9226211630578423	true
0.1	0.62	0.6195466191672371	0.9979438850776919	-0.9979438850776919	-0.9300883957420427	true
0.1	0.625	0.6246561482725924	0.99852608688452	-0.99852608688452	-0.9375646690280004	true
0.1	0.63	0.6297387000143546	0.9989388141672091	-0.9989388141672091	-0.9450474353948594	true
0.1	0.635	0.6348010500336014	0.9992330211551781	-0.9992330211551782	-0.9525348833748577	true
0.1	0.64	0.6398482277659876	0.9994437470740227	-0.9994437470740227	-0.9600257183234704	true
0.1	0.645	0.64488398290355	0.9995953097839921	-0.9995953097839921	-0.9675190109035573	true
0.1	0.65	0.649911121109614	0.999704720153575	-0.999704720153575	-0.9750140914684331	true
0.1	0.655	0.6549317479054374	0.9997839590244955	-0.9997839590244954	-0.982510475894417	true
0.1	0.66	0.6599474472370611	0.9998415145690133	-0.9998415145690133	-0.9900078131646766	true
0.1	0.665	0.6649594130727735	0.999883431500399	-0.999883431500399	-0.997505848119509	true
0.1	0.67	0.669968546914663	0.999914033878262	-0.999914033878262	-1.0050043948567333	true
0.1	0.675	0.6749755303808335	0.9999364271500383	-0.9999364271500383	-1.0125033176570335	true
0.1	0.68	0.6799808794351087	0.9999528493703612	-0.9999528493703612	-1.020002517254931	true
0.1	0.685	0.6849849850312	0.9999649184644448	-0.9999649184644448	-1.0275019209252176	true
0.1	0.69	0.6899881436534283	0.9999738072759645	-0.9999738072759646	-1.0350014753040266	true
0.1	0.695	0.6949905803144394	0.9999803681006328	-0.9999803681006328	-1.0425011411770804	true
0.1	0.7	0.6999924659032403	0.999985221668281	-0.999985221668281	-1.0500008896875888	true
0.1	0.705	0.7049939302902787	0.9999888209678879	-0.9999888209678879	-1.0575006995716087	true
0.1	0.71	0.709995072238913	0.9999914971848328	-0.9999914971848328	-1.0650005551388921	true
0.1	0.715	0.714995966908697	0.9999934928644757	-0.9999934928644757	-1.0725004447958397	true
0.1	0.72	0.7199966715399938	0.9999949859191403	-0.9999949859191404	-1.0800003599634722	true
0.1	0.725	0.7249972297634383	0.9999961070489407	-0.9999961070489407	-1.08750029428373	true
0.1	0.73	0.7299976748685701	0.9999969524108867	-0.9999969524108867	-1.095000243036578	true
0.1	0.735	0.7349980322840466	0.9999975928504132	-0.9999975928504132	-1.1025002027114519	true
0.1	0.74	0.7399983214602581	0.999998080639975	-0.999998080639975	-1.110000170691853	true
0.1	0.745	0.7449985572987508	0.9999984544057963	-0.9999984544057963	-1.1175001450229913	true
0.1	0.75	0.7499987512378327	0.9999987427351978	-0.9999987427351978	-1.12500012424044	true
0.1	0.755	0.7549989120772708	0.9999989668213876	-0.9999989668213876	-1.132500107243676	true
0.1	0.76	0.7599990466049371	0.9999991424049458	-0.9999991424049458	-1.1400000932026515	true
0.1	0.765	0.7649991600730964	0.9999992812006684	-0.9999992812006684	-1.1475000814887053	true
0.1	0.77	0.7699992565605334	0.9999993919473327	-0.9999993919473327	-1.1550000716234246	true
0.1	0.775	0.7749993392479803	0.9999994811808346	-0.9999994811808346	-1.1625000632407478	true
0.1	0.78	0.779999410627703	0.9999995538041766	-0.9999995538041766	-1.1700000560588517	true
0.1	0.785	0.7849994726630776	0.9999996135080989	-0.9999996135080989	-1.177500049859266	true
0.1	0.79	0.7899995269101727	0.9999996630818097	-0.9999996630818097	-1.1850000444713389	true
0.1	0.795	0.7949995746104703	0.9999997046427669	-0.9999997046427669	-1.1925000397606549	true
0.1	0.8	0.7999996167616458	0.9999997398067856	-0.9999997398067856	-1.2000000356203944	true
0.1	0.805	0.8049996541716778	0.9999997698141184	-0.9999997698141184	-1.2075000319648597	true
0.1	0.81	0.8099996875002756	0.9999997956230251	-0.9999997956230251	-1.2150000287246296	true
0.1	0.815	0.8149997172906561	0.9999998179793136	-0.9999998179793137	-1.2225000258428993	true
0.1	0.82	0.8199997439939816	0.9999998374681093	-0.9999998374681093	-1.2300000232727255	true
0.1	0.825	0.8249997679881965	0.999999854552464	-0.999999854552464	-1.2375000209749356	true
0.1	0.83	0.829999789592601	0.9999998696022138	-0.9999998696022138	-1.2450000189165327	true
0.1	0.835	0.8349998090791616	0.9999998829155994	-0.9999998829155994	-1.2525000170694778	true
0.1	0.84	0.8399998266813353	0.9999998947355144	-0.9999998947355143	-1.2600000154097473	true
0.1	0.845	0.8449998426009803	0.9999999052617521	-0.9999999052617521	-1.267500013916603	true
0.1	0.85	0.8499998570138039	0.9999999146602764	-0.9999999146602764	-1.2750000125720236	true
0.1	0.855	0.8549998700736827	0.9999999230702685	-0.9999999230702685	-1.2825000113602572	true
0.1	0.86	0.8599998819161105	0.99999993060951	-0.99999993060951	-1.2900000102674571	true
0.1	0.865	0.8649998926609733	0.9999999373785213	-0.9999999373785213	-1.2975000092814022	true
0.1	0.87	0.8699999024147977	0.9999999434637611	-0.9999999434637611	-1.3050000083912607	true
0.1	0.875	0.8749999112725906	0.9999999489401193	-0.9999999489401193	-1.3125000075874003	true
0.1	0.88	0.8799999193193558	0.9999999538728747	-0.9999999538728747	-1.3200000068612314	true
0.1	0.885	0.8849999266313562	0.9999999583192455	-0.9999999583192455	-1.327500006205077	true
0.1	0.89	0.889999933277172	0.9999999623296273	-0.9999999623296273	-1.3350000056120601	true
0.1	0.895	0.8949999393185976	0.9999999659485951	-0.9999999659485951	-1.3425000050760099	true
0.1	0.9	0.8999999448114058	0.9999999692157152	-0.9999999692157152	-1.3500000045913838	true
0.1	0.905	0.9049999498060055	0.9999999721662176	-0.9999999721662176	-1.3575000041531942	true
0.1	0.91	0.9099999543480116	0.9999999748315521	-0.9999999748315521	-1.3650000037569527	true
0.1	0.915	0.9149999584787425	0.9999999772398549	-0.9999999772398549	-1.3725000033986134	true
0.1	0.92	0.9199999622356531	0.9999999794163446	-0.9999999794163446	-1.3800000030745272	true
0.1	0.925	0.9249999656527218	0.9999999813836598	-0.9999999813836598	-1.3875000027814028	true
0.1	0.93	0.929999968760789	0.999999983162148	-0.999999983162148	-1.3950000025162688	true
0.1	0.935	0.9349999715878611	0.9999999847701185	-0.9999999847701185	-1.4025000022764442	true
0.1	0.94	0.9399999741593797	0.9999999862240603	-0.9999999862240603	-1.4100000020595034	true
0.1	0.945	0.9449999764984651	0.999999987538834	-0.999999987538834	-1.4175000018632582	true
0.1	0.95	0.9499999786261313	0.9999999887278417	-0.9999999887278417	-1.4250000016857287	true
0.1	0.955	0.9549999805614847	0.9999999898031754	-0.9999999898031754	-1.4325000015251281	true
0.1	0.96	0.9599999823218978	0.9999999907757504	-0.9999999907757504	-1.4400000013798386	true
0.1	0.965	0.96499998392317	0.9999999916554226	-0.9999999916554226	-1.4475000012483987	true
0.1	0.97	0.9699999853796719	0.9999999924510949	-0.9999999924510949	-1.455000001129486	true
0.1	0.975	0.9749999867044747	0.9999999931708101	-0.9999999931708102	-1.4625000010219045	true
0.1	0.98	0.9799999879094687	0.9999999938218365	-0.9999999938218366	-1.4700000009245757	true
0.1	0.985	0.9849999890054716	0.9999999944107432	-0.9999999944107432	-1.4775000008365202	true
0.1	0.99	0.9899999900023237	0.9999999949434681	-0.9999999949434681	-1.4850000007568536	true
0.1	0.995	0.9949999909089791	0.9999999954253795	-0.9999999954253797	-1.4925000006847775	true
0.1	1.0	0.9999999917335823	0.9999999958613308	-0.9999999958613308	-1.5000000006195675	true
0.2	0.5	0.4688335913730344	0.0	0.0	-0.8955971946519696	true
0.2	0.505	0.46898991160607645	0.0	0.0	-0.8956831494032429	true
0.2	0.51	0.46945825803635666	0.0	0.0	-0.8959409697646136	true
0.2	0.515	0.4702367981600827	0.0	0.0	-0.8963705230663653	true
0.2	0.52	0.47132251167747374	0.0	0.0	-0.8969715849430504	true
0.2	0.525	0.4727112396272379	0.0	0.0	-0.8977438346603457	true
0.2	0.53	0.4743977499899302	0.0	0.0	-0.8986868489583838	true
0.2	0.535	0.4763758169403512	0.0	0.0	-0.8998000947624183	true
0.2	0.54	0.47863831056540673	1.853851959067761e-16	1.853851959067761e-16	-0.9010829211665607	true
0.2	0.545	0.4811772937931025	0.0	0.0	-0.9025345511241778	true
0.2	0.55	0.48398412334401375	4.4277102020817276e-16	-4.4277102020817276e-16	-0.9041540732796961	true
0.2	0.555	0.48704955186173815	0.0	0.0	-0.9059404343535484	true
0.2	0.56	0.4903638287605961	0.0	0.0	-0.907892432448989	true
0.2	0.565	0.49391679779790343	0.0	0.0	-0.9100087115916404	true
0.2	0.57	0.4976979899071573	1.5741719658066595e-16	1.5741719658066595e-16	-0.9122877577452476	true
0.2	0.575	0.5016967101920937	0.0	0.0	-0.9147278964755601	true
0.2	0.58	0.5059021184848136	2.199336410197897e-16	-2.199336410197897e-16	-0.9173272923629245	true
0.2	0.585	0.5103033031129539	4.939014290541793e-16	-4.939014290541793e-16	-0.9200839501968935	true
0.2	0.59	0.5148893478098698	7.456718655110772e-16	7.4567186551107715e-16	-0.9229957179255813	true
0.2	0.595	0.5196493919011377	0.0	0.0	-0.9260602912805344	true
0.2	0.6	0.5245726839900201	2.6025843322957917e-14	-2.590131775681936e-14	-0.9292752199553567	true
0.2	0.605	0.5296486294749617	8.845432909590363e-12	-8.845373377659325e-12	-0.9326379151836645	true
0.2	0.61	0.5348668322512194	1.5236065146889536e-9	-1.5236065715263065e-9	-0.9361456585386911	true
0.2	0.615	0.5461159251799875	0.3544935423201923	-0.35449354232019226	-0.9398645774824446	true
0.2	0.62	0.5631618732709215	0.5964315929501198	-0.5964315929501198	-0.944299622669146	true
0.2	0.625	0.577476757944996	0.7173603661444969	-0.7173603661444969	-0.9493782326227866	true
0.2	0.63	0.5898343028304329	0.792221638778669	-0.792221638778669	-0.9549419997183473	true
0.2	0.635	0.6007447750771279	0.8425901273253419	-0.8425901273253419	-0.960877957666585	true
0.2	0.64	0.6105586631245273	0.8781610624060056	-0.8781610624060056	-0.9671035668000076	true
0.2	0.645	0.6195246794291717	0.9041229673042144	-0.9041229673042144	-0.9735573129379569	true
0.2	0.65	0.6278240974787329	0.9235393841404441	-0.9235393841404441	-0.9801925900704815	true
0.2	0.655	0.6355920240719081	0.9383397726660689	-0.9383397726660689	-0.9869735922206586	true
0.2	0.66	0.6429310825754443	0.9497969884083425	-0.9497969884083424	-0.9938724808003336	true
0.2	0.665	0.6499204984753911	0.9587808905040485	-0.9587808905040485	-1.0008673871475684	true
0.2	0.67	0.6566222986691634	0.9659028000075621	-0.9659028000075621	-1.007940976559905	true
0.2	0.675	0.663085642697872	0.971602269296909	-0.971602269296909	-1.015079398526964	true
0.2	0.68	0.6693499123623153	0.9762014306652916	-0.9762014306652916	-1.0222715079291849	true
0.2	0.685	0.6754469565691921	0.9799402187765	-0.9799402187765	-1.029508279710552	true
0.2	0.69	0.6814027493413268	0.9829998554842511	-0.9829998554842511	-1.0367823638562	true
0.2	0.695	0.6872386325454104	0.985518890510071	-0.9855188905100709	-1.044087743536807	true
0.2	0.7	0.6929722597637983	0.987604387355207	-0.987604387355207	-1.051419470060793	true
0.2	0.705	0.6986183218312119	0.9893398661587077	-0.9893398661587077	-1.058773455654475	true
0.2	0.71	0.7041891106345177	0.9907910342572825	-0.9907910342572825	-1.0661463102243114	true
0.2	0.715	0.7096949615939327	0.9920099794874505	-0.9920099794874505	-1.0735352118802826	true
0.2	0.72	0.7151446040825199	0.9930382776200419	-0.9930382776200419	-1.0809378035933723	true
0.2	0.725	0.7205454412392134	0.993909321425402	-0.993909321425402	-1.088352110239125	true
0.2	0.73	0.7259037751011829	0.9946500843601489	-0.994650084360149	-1.0957764716558835	true
0.2	0.735	0.7312249890005431	0.9952824686293131	-0.9952824686293131	-1.1032094883652925	true
0.2	0.74	0.7365136962842166	0.995824344363588	-0.995824344363588	-1.1106499773642506	true
0.2	0.745	0.7417738622857906	0.9962903569374626	-0.9962903569374626	-1.11809693597173	true
0.2	0.75	0.7470089049020354	0.9966925586498475	-0.9966925586498475	-1.125549512150447	true
0.2	0.755	0.7522217779386041	0.9970409062317354	-0.9970409062317354	-1.1330069800578417	true
0.2	0.76	0.7574150404940099	0.9973436550592563	-0.9973436550592563	-1.1404687198388561	true
0.2	0.765	0.7625909149653464	0.9976076732717896	-0.9976076732717896	-1.1479342008734628	true
0.2	0.77	0.7677513357300193	0.9978386933697803	-0.9978386933697803	-1.1554029678485365	true
0.2	0.775	0.7728979901506623	0.9980415147091376	-0.9980415147091376	-1.1628746291468122	true
0.2	0.78	0.7780323532281093	0.9982201672072951	-0.9982201672072951	-1.1703488471430215	true
0.2	0.785	0.78315571697785	0.9983780442453025	-0.9983780442453025	-1.1778253300746155	true
0.2	0.79	0.7882692154038624	0.9985180109839589	-0.9985180109839589	-1.1853038252162225	true
0.2	0.795	0.793373845787019	0.9986424929654882	-0.9986424929654881	-1.1927841131364727	true
0.2	0.8	0.798470486876501	0.9987535488375974	-0.9987535488375975	-1.2002660028556922	true
0.2	0.805	0.8035599144705889	0.9988529302377014	-0.9988529302377014	-1.2077493277551778	true
0.2	0.81	0.8086428147907677	0.9989421312540643	-0.9989421312540643	-1.2152339421149212	true
0.2	0.815	0.8137197959845397	0.9990224293950201	-0.9990224293950202	-1.2227197181779148	true
0.2	0.82	0.8187913980378617	0.9990949196162418	-0.9990949196162418	-1.2302065436566085	true
0.2	0.825	0.8238581013321901	0.9991605426548933	-0.9991605426548933	-1.2376943196112902	true
0.2	0.83	0.8289203340443126	0.9992201086808353	-0.9992201086808353	-1.2451829586419205	true
0.2	0.835	0.8339784785555456	0.9992743170847626	-0.9992743170847626	-1.2526723833445808	true
0.2	0.84	0.8390328770116334	0.9993237730710792	-0.9993237730710792	-1.2601625249916832	true
0.2	0.845	0.8440838361528007	0.9993690016010838	-0.9993690016010838	-1.267653322401705	true
0.2	0.85	0.8491316315159652	0.9994104591336286	-0.9994104591336285	-1.2751447209696858	true
0.2	0.855	0.8541765110955486	0.9994485435306704	-0.9994485435306704	-1.2826366718343034	true
0.2	0.86	0.8592186985369477	0.9994836024305442	-0.9994836024305442	-1.2901291311611431	true
0.2	0.865	0.8642583959260025	0.9995159403391227	-0.9995159403391227	-1.297622059524966	true
0.2	0.87	0.869295786228532	0.9995458246460306	-0.9995458246460306	-1.3051154213764349	true
0.2	0.875	0.8743310354267178	0.999573490737917	-0.999573490737917	-1.3126091845809986	true
0.2	0.88	0.8793642943921882	0.999599146351837	-0.999599146351837	-1.3201033200194994	true
0.2	0.885	0.8843957005303552	0.9996229752880187	-0.9996229752880187	-1.3275978012416587	true
0.2	0.89	0.8894253792257181	0.9996451405816477	-0.9996451405816477	-1.3350926041649211	true
0.2	0.895	0.8944534451138031	0.9996657872170415	-0.9996657872170415	-1.342587706812243	true
0.2	0.9	0.8994800032019657	0.9996850444541284	-0.9996850444541284	-1.3500830890833975	true
0.2	0.905	0.9045051498581949	0.9997030278259376	-0.9997030278259376	-1.3575787325551207	true
0.2	0.91	0.9095289736846861	0.999719840856505	-0.999719840856505	-1.365074620306146	true
0.2	0.915	0.9145515562905411	0.9997355765408134	-0.9997355765408134	-1.3725707367637174	true
0.2	0.92	0.9195729729761868	0.9997503186218996	-0.9997503186218996	-1.3800670675686935	true
0.2	0.925	0.9245932933404146	0.9997641426948201	-0.9997641426948201	-1.3875635994567297	true
0.2	0.93	0.9296125818195338	0.9997771171626071	-0.9997771171626072	-1.3950603201534266	true
0.2	0.935	0.9346308981669107	0.9997893040655234	-0.9997893040655234	-1.402557218281594	true
0.2	0.94	0.939648297880117	0.9998007598016951	-0.9998007598016951	-1.4100542832790517	true
0.2	0.945	0.9446648325819311	0.9998115357544941	-0.9998115357544941	-1.4175515053256293	true
0.2	0.95	0.9496805503607553	0.9998216788397524	-0.9998216788397524	-1.4250488752781707	true
0.2	0.955	0.9546954960751943	0.9998312319839523	-0.9998312319839523	-1.432546384612552	true
0.2	0.96	0.9597097116270201	0.9998402345429068	-0.9998402345429068	-1.4400440253718316	true
0.2	0.965	0.964723236206194	0.9998487226690508	-0.9998487226690508	-1.447541790119785	true
0.2	0.97	0.9697361065111681	0.9998567296342983	-0.9998567296342982	-1.4550396718991614	true
0.2	0.975	0.9747483569472913	0.9998642861144112	-0.9998642861144114	-1.4625376641941121	true
0.2	0.98	0.979760019805798	0.9998714204399916	-0.9998714204399916	-1.4700357608962857	true
0.2	0.985	0.9847711254255546	0.9998781588184685	-0.9998781588184685	-1.477533956274164	true
0.2	0.99	0.9897817023394928	0.9998845255308559	-0.9998845255308559	-1.485032244945279	true
0.2	0.995	0.9947917774073767	0.9998905431065139	-0.9998905431065139	-1.4925306218509728	true
0.2	1.0	0.9998013759364347	0.9998962324787127	-0.9998962324787126	-1.5000290822334261	true
0.3	0.5	0.33437488831092693	1.991402195181916e-17	0.0	-1.0591127835517404	true
0.3	0.505	0.33443170155155333	9.231604273693171e-17	2.4383923048837967e-17	-1.0591476787502336	true
0.3	0.51	0.3346021151618788	1.1937300470995148e-16	-1.2183456275093093e-16	-1.0592523569519492	true
0.3	0.515	0.33488605084509665	9.320971130077854e-17	0.0	-1.0594267959826338	true
0.3	0.52	0.33528337823261056	4.859801419392043e-17	2.4299007096960214e-17	-1.0596709589086468	true
0.3	0.525	0.3357939150727835	6.858432607276398e-17	4.8496442049160747e-17	-1.0599847940720808	true
0.3	0.53	0.3364174274944535	6.840922965050887e-17	-2.4186315090811328e-17	-1.0603682351398271	true
0.3	0.535	0.33715363034447265	7.23401641924205e-17	7.23401641924205e-17	-1.0608212011664868	true
0.3	0.54	0.3380021875983379	6.204404669241536e-17	0.0	-1.0613435966709917	true
0.3	0.545	0.33896271284277496	1.5996476296194661e-16	-7.18048550262538e-17	-1.0619353117267811	true
0.3	0.55	0.3400347698289367	5.503239169101862e-17	0.0	-1.0625962220653429	true
0.3	0.555	0.34121787309470103	8.977990730831615e-17	-2.3714040227831233e-17	-1.0633261891929116	true
0.3	0.56	0.342511488654363	7.333831954884112e-17	2.3588079501675678e-17	-1.0641250605200785	true
0.3	0.565	0.34391503475383595	1.3472170407159417e-16	2.3452038451140305e-17	-1.0649926695040526	true
0.3	0.57	0.3454278826893276	1.7647114949831365e-16	9.322451010966895e-17	-1.0659288358032804	true
0.3	0.575	0.3470493576872812	1.0439170658865384e-16	4.6301142012948926e-17	-1.066933365444116	true
0.3	0.58	0.34877873984323127	8.180637251900997e-17	2.2985606339481402e-17	-1.0680060509992009	true
0.3	0.585	0.350615265117093	1.2971158581115809e-16	-1.3686890082682537e-16	-1.0691466717772076	true
0.3	0.59	0.3525581263822614	1.280059234674203e-16	2.262846412896478e-17	-1.0703549940235593	true
0.3	0.595	0.3546064745257892	3.6639175408380666e-17	8.974728434686211e-17	-1.0716307711317377	true
0.3	0.6	0.356759419596815	8.418730768276726e-17	6.671051221536593e-17	-1.0729737438647715	true
0.3	0.605	0.3590160320003006	6.60864169597878e-17	-6.608641695978781e-17	-1.0743836405864717	true
0.3	0.61	0.3613753437330653	7.450567163073835e-17	4.362605422771021e-17	-1.0758601775019676	true
0.3	0.615	0.3638363496590455	5.433316611868854e-17	0.0	-1.0774030589071022	true
0.3	0.62	0.3663980088206264	8.806736541930681e-17	2.135947351727471e-17	-1.0790119774462084	true
0.3	0.625	0.36905924578286964	8.708962767654253e-17	6.336701184813528e-17	-1.080686614377791	true
0.3	0.63	0.3718189520074118	3.997972464685086e-17	-2.0878730256834114e-17	-1.0824266398476363	true
0.3	0.635	0.37467598725279044	6.188695511701527e-17	-4.1257970078010183e-17	-1.0842317131688388	true
0.3	0.64	0.3776291809979593	1.0651496310705004e-16	8.149375208382685e-17	-1.0861014831082711	true
0.3	0.645	0.3806773338857222	1.076844794446077e-16	-4.022485714185014e-17	-1.0880355881789663	true
0.3	0.65	0.38381921918287126	1.6041571873364998e-16	-9.923149113548582e-17	-1.090033656937934	true
0.3	0.655	0.3870535842537899	2.2461995792517517e-16	-2.5448006874102176e-16	-1.092095308288874	true
0.3	0.66	0.39037915204436907	6.064433928187317e-16	-5.790014132571931e-16	-1.094220151789307	true
0.3	0.665	0.39379462257307785	1.908928045428645e-15	-1.8640200922444685e-15	-1.0964077879615954	true
0.3	0.67	0.39729867442611705	5.472698499712931e-15	-5.4151174345203804e-15	-1.098657808607362	true
0.3	0.675	0.4008899662536372	1.0401109112639992e-14	-1.0332470434006257e-14	-1.1009697971247971	true
0.3	0.68	0.40456713826406976	3.2254259329581433e-14	-3.2290578281223054e-14	-1.103343328828374	true
0.3	0.685	0.40832881371369917	6.54712962926643e-14	-6.545336410734698e-14	-1.105777971270462	true
0.3	0.69	0.4121736003887105	1.4017603569361344e-13	-1.4017014660630893e-13	-1.1082732845643783	true
0.3	0.695	0.4161000920769991	3.1391951303058513e-13	-3.138907123369794e-13	-1.1108288217083906	true
0.3	0.7	0.4201068700271746	7.345294223322854e-13	-7.34557714944206e-13	-1.113444128910209	true
0.3	0.705	0.4241925043922699	1.7931714333227758e-12	-1.7931658733082145e-12	-1.1161187459115254	true
0.3	0.71	0.4283555556557762	3.358228308294765e-12	-3.358255603481058e-12	-1.1188522063121389	true
0.3	0.715	0.43259457603775453	6.81590078614435e-12	-6.8158954272515455e-12	-1.1216440378932588	true
0.3	0.72	0.4369081108788783	1.494022289474375e-11	-1.4940243924308393e-11	-1.1244937629395502	true
0.3	0.725	0.4412947000003874	2.7603143849878793e-11	-2.760313353615833e-11	-1.127400898559527	true
0.3	0.73	0.44575287903806404	5.6873078646508365e-11	-5.6873088757929076e-11	-1.1303649570039098	true
0.3	0.735	0.4502811807484572	8.597872721893496e-11	-8.597870739898334e-11	-1.1333854459815593	true
0.3	0.74	0.4548781362857091	1.2788585221261144e-10	-1.2788583764943248e-10	-1.1364618689726322	true
0.3	0.745	0.45954227644747836	1.6509455661199148e-10	-1.6509454234971404e-10	-1.1395937255386248	true
0.3	0.75	0.4642721328885628	2.3733179956835617e-10	-2.3733180887665233e-10	-1.14278051162896	true
0.3	0.755	0.46906623930096963	2.6174705107141866e-10	-2.6174705107139203e-10	-1.1460217198838203	true
0.3	0.76	0.4739231325592921	3.3938127713400864e-10	-3.3938127713400585e-10	-1.1493168399329186	true
0.3	0.765	0.47884135383039084	3.6764947768370427e-10	-3.6764950382765965e-10	-1.1526653586899431	true
0.3	0.77	0.48381944964649193	4.728361068253763e-10	-4.728361323832001e-10	-1.1560667606424	true
0.3	0.775	0.48885597294093874	5.648216602919308e-10	-5.648216602918234e-10	-1.1595205281366152	true
0.3	0.78	0.49394948404594935	7.338699397583692e-10	-7.338699153591705e-10	-1.1630261416576677	true
0.3	0.785	0.4990985516518571	1.0024883482615724e-9	-1.0024883562040207e-9	-1.1665830801040389	true
0.3	0.79	0.5043017537274168	1.462843337494443e-9	-1.4628433219869894e-9	-1.1701908210567895	true
0.3	0.795	0.5095576784008545	2.6509980001622997e-9	-2.650997985028427e-9	-1.1738488410430685	true
0.3	0.8	0.5148649248014885	1.0584704598020817e-8	-1.0584704568492165e-8	-1.1775566157938167	true
0.3	0.805	0.7642001462629021	0.9564935528945447	-0.9564935528945446	-1.21594010455113	true
0.3	0.81	0.7716504348742721	0.960215940279543	-0.9602159402795429	-1.22296902923299	true
0.3	0.815	0.7788852489411021	0.9635072377117829	-0.9635072377117829	-1.2300335948958623	true
0.3	0.82	0.785931089812935	0.9664310983866041	-0.9664310983866041	-1.2371301931923613	true
0.3	0.825	0.7928101897490943	0.9690396944398866	-0.9690396944398866	-1.2442556798113276	true
0.3	0.83	0.7995413703457591	0.9713761808730158	-0.9713761808730158	-1.2514073012399398	true
0.3	0.835	0.806140693811026	0.9734765438295534	-0.9734765438295534	-1.258582635487336	true
0.3	0.84	0.8126219650614386	0.975371008592755	-0.9753710085927552	-1.2657795436032309	true
0.3	0.845	0.8189971242925909	0.9770851268170477	-0.9770851268170477	-1.272996129661703	true
0.3	0.85	0.8252765578007252	0.9786406262373014	-0.9786406262373013	-1.2802307074654633	true
0.3	0.855	0.8314693468475453	0.9800560819120687	-0.9800560819120687	-1.2874817726437733	true
0.3	0.86	0.8375834689215466	0.9813474516156154	-0.9813474516156155	-1.2947479791209668	true
0.3	0.865	0.8436259619982408	0.9825285066148088	-0.9825285066148088	-1.302028119157113	true
0.3	0.87	0.849603059700126	0.9836111810169915	-0.9836111810169915	-1.3093211063307473	true
0.3	0.875	0.8555203033542164	0.9846058571332407	-0.9846058571332407	-1.3166259609616209	true
0.3	0.88	0.8613826355294567	0.9855216001167909	-0.9855216001167909	-1.3239417975697987	true
0.3	0.885	0.8671944786154502	0.9863663520712315	-0.9863663520712315	-1.331267814043976	true
0.3	0.89	0.8729598012129548	0.9871470935285456	-0.9871470935285456	-1.3386032822519218	true
0.3	0.895	0.8786821745235595	0.9878699784790422	-0.9878699784790421	-1.3459475398735186	true
0.3	0.9	0.8843648204921445	0.9885404478342403	-0.9885404478342402	-1.3532999832748749	true
0.3	0.905	0.8900106530897656	0.9891633251927487	-0.9891633251927487	-1.3606600612725368	true
0.3	0.91	0.8956223138691468	0.9897428980103062	-0.9897428980103062	-1.3680272696615834	true
0.3	0.915	0.9012022027097202	0.9902829866692416	-0.9902829866692415	-1.3754011464016065	true
0.3	0.92	0.9067525044993405	0.9907870034673872	-0.9907870034673872	-1.3827812673711108	true
0.3	0.925	0.9122752123775412	0.9912580031754085	-0.9912580031754084	-1.3901672426145628	true
0.3	0.93	0.917772148041814	0.9916987265070158	-0.9916987265070158	-1.397558713017621	true
0.3	0.935	0.9232449795465052	0.9921116376129556	-0.9921116376129556	-1.4049553473555285	true
0.3	0.94	0.9286952369521386	0.99249895651638	-0.99249895651638	-1.4123568396675463	true
0.3	0.945	0.9341243261172115	0.992862687248719	-0.992862687248719	-1.4197629069169302	true
0.3	0.95	0.9395335408862405	0.993204642321494	-0.993204642321494	-1.4271732869015632	true
0.3	0.955	0.9449240738913736	0.9935264640664452	-0.9935264640664452	-1.4345877363850887	true
0.3	0.96	0.950297026139166	0.9938296432872634	-0.9938296432872634	-1.4420060294224117	true
0.3	0.965	0.9556534155475367	0.9941155356021643	-0.9941155356021643	-1.449427955856877	true
0.3	0.97	0.9609941845546978	0.9943853757923361	-0.9943853757923361	-1.4568533199693605	true
0.3	0.975	0.9663202069234763	0.9946402904289287	-0.9946402904289287	-1.464281939262025	true
0.3	0.98	0.971632293829266	0.9948813090055678	-0.9948813090055678	-1.471713643361667	true
0.3	0.985	0.9769311993242012	0.9951093737745897	-0.9951093737745897	-1.479148273029421	true
0.3	0.99	0.9822176252464145	0.9953253484534985	-0.9953253484534986	-1.4865856792652388	true
0.3	0.995	0.9874922256374872	0.9955300259454692	-0.9955300259454692	-1.4940257224969171	true
0.3	1.0	0.9927556107269766	0.9957241351985254	-0.9957241351985254	-1.5014682718446841	true
0.4	0.5	0.3113554898979984	2.231716274303199e-17	0.0	-1.2507345603791804	true
0.4	0.505	0.3113922349265447	0.0	0.0	-1.250757854632425	true
0.4	0.51	0.31150246249517205	6.875407705472939e-17	-2.7320099921739704e-17	-1.2508277351963815	true
0.4	0.515	0.31168615005780786	9.970082716120569e-17	-8.191258805717416e-17	-1.2509441954846632	true
0.4	0.52	0.3119432600542112	1.3731612800676192e-16	-2.7281948203776245e-17	-1.2511072245231156	true
0.4	0.525	0.3122737399347724	1.1014320008152342e-16	8.176012227832417e-17	-1.2513168069545602	true
0.4	0.53	0.31267752219518413	1.111190457991216e-16	-1.0887398516512102e-16	-1.251572923045415	true
0.4	0.535	0.3131545244209437	2.2190207115009214e-17	0.0	-1.251875548694204	true
0.4	0.54	0.3137046493416302	3.1326961832451986e-17	-2.7129944770288928e-17	-1.2522246554419398	true
0.4	0.545	0.31432778489488006	2.2107739739267044e-17	0.0	-1.252620210484368	true
0.4	0.55	0.315023804299989	7.953463676697909e-17	0.0	-1.253062176686067	true
0.4	0.555	0.31579256614103746	8.085206233180439e-17	-2.6950687443934797e-17	-1.2535505125963837	true
0.4	0.56	0.3166339144594388	9.814726830756566e-17	-2.68787364047828e-17	-1.2540851724671955	true
0.4	0.565	0.31754767885578755	6.744714013802616e-17	-2.680077585129483e-17	-1.254666106272476	true
0.4	0.57	0.3185336746008897	1.0114842403317481e-16	-2.6716866484025183e-17	-1.255293259729655	true
0.4	0.575	0.3195917027558143	9.094877017952e-17	-1.5976244061499131e-16	-1.2559665743227375	true
0.4	0.58	0.32072155030083843	6.67693923209056e-17	-5.306293235436584e-17	-1.2566859873271767	true
0.4	0.585	0.3219229902731041	9.77080643855237e-17	-2.6430118415567133e-17	-1.2574514318364667	true
0.4	0.59	0.3231957819128284	4.8059200097834894e-17	2.632310798923866e-17	-1.258262836790431	true
0.4	0.595	0.32453967081787466	1.5132648904406048e-16	0.0	-1.2591201270051884	true
0.4	0.6	0.32595438910649926	2.130438027011838e-17	0.0	-1.2600232232047568	true
0.4	0.605	0.32743965558807125	1.9317353069500536e-16	0.0	-1.2609720420542745	true
0.4	0.61	0.3289951759415516	9.55269853020385e-17	-7.752040374435321e-17	-1.2619664961948018	true
0.4	0.615	0.3306206429015195	1.7994280417141244e-16	-2.0564891905304279e-16	-1.2630064942796795	true
0.4	0.62	0.33231573645151496	5.463602343970553e-16	-4.857726141232519e-16	-1.2640919410124003	true
0.4	0.625	0.33408012402446624	1.432353450397995e-15	-1.4491014447362638e-15	-1.26522273718597	true
0.4	0.63	0.3359134607099608	1.1647894973430958e-15	-1.1625938507209914e-15	-1.2663987797237113	true
0.4	0.635	0.3378153894681104	3.483377487535995e-15	-3.4916702859080812e-15	-1.2676199617214838	true
0.4	0.64	0.3397855413497617	8.944833352156164e-15	-8.936180074104826e-15	-1.2688861724912752	true
0.4	0.645	0.34182353572278773	2.2673919313013975e-14	-2.266564116075631e-14	-1.2701972976061313	true
0.4	0.65	0.34392898050419807	5.509903605389921e-14	-5.50743355796432e-14	-1.2715532189463756	true
0.4	0.655	0.34610147239780065	4.9341663667218015e-14	-4.93579682230159e-14	-1.272953814747092	true
0.4	0.66	0.34834059713713894	1.1684057531871514e-13	-1.1680006816739833e-13	-1.2743989596468133	true
0.4	0.665	0.35064592973342856	2.689204864594746e-13	-2.68960651419665e-13	-1.2758885247373881	true
0.4	0.67	0.35301703472821366	6.030634698224438e-13	-6.030794077509079e-13	-1.2774223776149718	true
0.4	0.675	0.35545346645046166	5.626729376057767e-13	-5.626729376057767e-13	-1.2790003824321055	true
0.4	0.68	0.35795476927780545	1.2341775852618986e-12	-1.234232507241442e-12	-1.2806223999508375	true
0.4	0.685	0.3605204779016565	2.645709195534998e-12	-2.6457325377622463e-12	-1.2822882875968367	true
0.4	0.69	0.36315011759588883	2.5613777519915856e-12	-2.5613931762847844e-12	-1.2839978995144674	true
0.4	0.695	0.3658432044888156	5.3925158658928685e-12	-5.392462331253066e-12	-1.285751086622759	true
0.4	0.7	0.3685992458381628	5.392268026848026e-12	-5.392283184227321e-12	-1.2875476966722486	true
0.4	0.705	0.3714177403087537	1.116423035680782e-11	-1.1164200317531464e-11	-1.2893875743026315	true
0.4	0.71	0.37429817825261785	1.151452775341747e-11	-1.151454263230303e-11	-1.2912705611011845	true
0.4	0.715	0.37724004199122885	1.21898519423702e-11	-1.2189874046805602e-11	-1.2931964956619106	true
0.4	0.72	0.38024280609960065	1.3234047469447832e-11	-1.3234032877394575e-11	-1.2951652136453617	true
0.4	0.725	0.38330593769194277	1.4722083053602805e-11	-1.4722054161492696e-11	-1.297176547839091	true
0.4	0.73	0.38642889670860436	1.676786170509921e-11	-1.6767833107861405e-11	-1.2992303282186919	true
0.4	0.735	0.3896111362040269	1.9538172562240206e-11	-1.953817963573689e-11	-1.301326382009373	true
0.4	0.74	0.39285210263541886	2.3273688018902418e-11	-2.327367401984526e-11	-1.303464533748025	true
0.4	0.745	0.3961512361519053	2.8321386398494616e-11	-2.832139332197421e-11	-1.3056446053457365	true
0.4	0.75	0.39950797088385726	3.5184582221528736e-11	-3.518457537441564e-11	-1.3078664161507092	true
0.4	0.755	0.40292173523215613	4.4595566889945745e-11	-4.459558042990756e-11	-1.3101297830115268	true
0.4	0.76	0.40639195215712914	3.573768337441219e-11	-3.5737676681920757e-11	-1.31243452034074	true
0.4	0.765	0.40991803946689753	4.789463217230688e-11	-4.789459248591793e-11	-1.314780440178713	true
0.4	0.77	0.4134994101048982	4.1949141541717536e-11	-4.1949102326192225e-11	-1.3171673522576939	true
0.4	0.775	0.4171354724363246	5.922029183735154e-11	-5.922029183731141e-11	-1.319595064066065	true
0.4	0.78	0.4208256305332607	5.6401782692166295e-11	-5.640175080285807e-11	-1.3220633809127265	true
0.4	0.785	0.42456928445826825	5.6366942578192134e-11	-5.6366967771602414e-11	-1.324572105991578	true
0.4	0.79	0.4283658305462086	5.902428486170336e-11	-5.902430351748612e-11	-1.3271210404460472	true
0.4	0.795	0.4322146616840724	6.466966548043026e-11	-6.466970845069864e-11	-1.3297099834336323	true
0.4	0.8	0.4361151675886206	7.403791488366084e-11	-7.403788459127192e-11	-1.332338732190413	true
0.4	0.805	0.4400667350816091	8.845677965912659e-11	-8.845674976819802e-11	-1.335007082095492	true
0.4	0.81	0.4440687483624245	8.011235638033293e-11	-8.011236817587995e-11	-1.337714826735335	true
0.4	0.815	0.44812058927791865	7.771291596343151e-11	-7.771296250191257e-11	-1.3404617579679496	true
0.4	0.82	0.45222163758926975	1.0772024632310239e-10	-1.0772022911251864e-10	-1.3432476659868966	true
0.4	0.825	0.45637127123569654	1.175570431860188e-10	-1.1755707146799716e-10	-1.3460723393850718	true
0.4	0.83	0.46056886659484403	1.0504681092771454e-10	-1.0504682765569064e-10	-1.3489355652182362	true
0.4	0.835	0.46481379873969314	1.3158311272550728e-10	-1.3158314569956104e-10	-1.3518371290682545	true
0.4	0.84	0.46910544169183127	1.3801404289889357e-10	-1.380140537298777e-10	-1.3547768151060062	true
0.4	0.845	0.47344316867095076	1.5732538764025425e-10	-1.573253983111487e-10	-1.357754406153953	true
0.4	0.85	0.4778263523404144	1.573365932614605e-10	-1.5733657749432229e-10	-1.3607696837483014	true
0.4	0.855	0.4822543650487826	1.7446138474386702e-10	-1.7446138474385828e-10	-1.363822428200756	true
0.4	0.86	0.4867265790671649	1.7730645795793494e-10	-1.7730649363457891e-10	-1.366912418659821	true
0.4	0.865	0.4912423668222851	2.0345489606262188e-10	-2.034549311858014e-10	-1.3700394331716284	true
0.4	0.87	0.49580110112514425	2.2295571892710503e-10	-2.229557683156131e-10	-1.3732032487402457	true
0.4	0.875	0.5004021553952064	2.406967133805004e-10	-2.4069669879902985e-10	-1.3764036413874763	true
0.4	0.88	0.5050449038799769	2.637823762503614e-10	-2.637823714679313e-10	-1.3796403862120743	true
0.4	0.885	0.5097287218699228	3.020771213310461e-10	-3.020770931022005e-10	-1.3829132574483947	true
0.4	0.89	0.5144529859086416	3.2976084640435286e-10	-3.297608464043404e-10	-1.3862220285244302	true
0.4	0.895	0.5192170739982069	3.639718093951203e-10	-3.639717911916656e-10	-1.3895664721192196	true
0.4	0.9	0.5240203657996378	4.2996605182438256e-10	-4.2996603392596774e-10	-1.3929463602196008	true
0.4	0.905	0.5288622428284245	4.812510399085971e-10	-4.812510135155244e-10	-1.3963614641763007	true
0.4	0.91	0.5337420886450726	5.28795030479398e-10	-5.287950391266141e-10	-1.3998115547593246	true
0.4	0.915	0.5386592890406132	6.560231319219042e-10	-6.560231064282972e-10	-1.403296402212641	true
0.4	0.92	0.543613232217056	7.4013225655939e-10	-7.401322899578899e-10	-1.4068157763081375	true
0.4	0.925	0.5486033089627446	9.33115164630877e-10	-9.33115213846306e-10	-1.4103694463988288	true
0.4	0.93	0.5536289128225944	1.1621437034274595e-9	-1.1621436873139462e-9	-1.4139571814713112	true
0.4	0.935	0.5586894402632091	1.534722975087136e-9	-1.534723022560099e-9	-1.417578750197443	true
0.4	0.94	0.5637842908328432	2.2980074264074987e-9	-2.298007449714153e-9	-1.4212339209852225	true
0.4	0.945	0.5689128673162286	4.067518090573495e-9	-4.06751809057349e-9	-1.4249224620288885	true
0.4	0.95	0.5740745758842553	1.57505315644577e-8	-1.5750531586916593e-8	-1.4286441413581903	true
0.4	0.955	0.8571356211512444	0.9124211588268156	-0.9124211588268156	-1.4530179267217558	true
0.4	0.96	0.867100186050151	0.9186958201960675	-0.9186958201960674	-1.4596683799144017	true
0.4	0.965	0.8766381537905901	0.9242823975925358	-0.9242823975925358	-1.4663694721536151	true
0.4	0.97	0.8858079890638719	0.9292891127031159	-0.9292891127031159	-1.4731165846782568	true
0.4	0.975	0.8946568371666087	0.9338016299950869	-0.9338016299950869	-1.479905720861378	true
0.4	0.98	0.9032233384842481	0.9378888978397207	-0.9378888978397207	-1.4867333910100629	true
0.4	0.985	0.9115396015199198	0.9416072011647869	-0.9416072011647869	-1.4935965245113225	true
0.4	0.99	0.9196326236814725	0.9450030498302928	-0.9450030498302928	-1.500492401477421	true
0.4	0.995	0.9275253382475251	0.948115285167308	-0.948115285167308	-1.507418598646968	true
0.4	1.0	0.9352374014586861	0.9509766472711609	-0.9509766472711609	-1.5143729459339743	true
0.5	0.5	0.2978872769428736	0.0	-2.1581254285053713e-17	-1.4491972767161934	true
0.5	0.505	0.29791386451459034	1.1350763298844386e-16	1.0789880946661364e-16	-1.4492145653699804	true
0.5	0.51	0.2979936242795894	4.315057082770345e-17	4.315057082770345e-17	-1.4492664304444773	true
0.5	0.515	0.29812654738849315	4.659183126073895e-17	6.470348079960482e-17	-1.4493528692793074	true
0.5	0.52	0.2983126190959084	6.467216978087376e-17	-6.467216978087376e-17	-1.449473877441206	true
0.5	0.525	0.2985518187657828	2.1543979256709977e-17	-2.1543979256709977e-17	-1.4496294487250738	true
0.5	0.53	0.29884411987889664	1.2552640680935353e-16	4.305520233165424e-17	-1.4498195751554432	true
0.5	0.535	0.29918949004248446	1.756142342494559e-17	0.0	-1.4500442469883676	true
0.5	0.54	0.2995878910019828	7.943032845116024e-17	-2.1485974570821543e-17	-1.4503034527137242	true
0.5	0.545	0.300039278654892	5.811597329452308e-17	4.292149081522758e-17	-1.4505971790579317	true
0.5	0.55	0.3005436030667467	1.2249744083555867e-16	-6.42977624665479e-17	-1.4509254109870902	true
0.5	0.555	0.30110080848917886	3.7068509367598125e-17	2.1401513861840945e-17	-1.4512881317105268	true
0.5	0.56	0.3017108333800632	9.946048080706926e-17	4.27350778110335e-17	-1.4516853226847521	true
0.5	0.565	0.3023736104257306	0.0	0.0	-1.4521169636178317	true
0.5	0.57	0.3030890665652336	7.167601520352893e-17	-4.258189820647976e-17	-1.4525830324741582	true
0.5	0.575	0.3038571230166459	7.855193942134824e-17	-4.24967391122792e-17	-1.4530835054796296	true
0.5	0.58	0.3046776953053776	9.402900859016914e-17	8.48118369886134e-17	-1.4536183571272316	true
0.5	0.585	0.3055506932944894	5.181831620503487e-17	-2.1154739005421374e-17	-1.454187560183015	true
0.5	0.59	0.30647602121697654	1.155898946201614e-16	-1.2662238540621487e-16	-1.4547910856924684	true
0.5	0.595	0.30745357771000986	1.2571366847201087e-16	-1.0524979113135755e-16	-1.4554289029872844	true
0.5	0.6	0.3084832558511027	7.66572243124555e-17	-4.198689095166532e-17	-1.4561009796925153	true
0.5	0.605	0.30956494319618005	1.937593565139791e-16	-1.4653952828299582e-16	-1.4568072817341113	true
0.5	0.61	0.3106985218195276	2.8593278448744555e-16	-3.3395685781921294e-16	-1.4575477733468385	true
0.5	0.615	0.31188386835558407	9.57758481065667e-16	-9.779632776895187e-16	-1.458322417082579	true
0.5	0.62	0.3131208540425589	2.1228072908246894e-15	-2.1155335001037617e-15	-1.4591311738189985	true
0.5	0.625	0.3144093447678342	4.954120745176871e-15	-4.9609726527713356e-15	-1.4599740027685786	true
0.5	0.63	0.31574920111513205	1.0443618314400594e-14	-1.0484557697903577e-14	-1.4608508614880265	true
0.5	0.635	0.3171402784134001	2.227480084794715e-14	-2.2308972954187856e-14	-1.461761705888024	true
0.5	0.64	0.31858242678739535	4.546513650279828e-14	-4.543105571679325e-14	-1.4627064902433453	true
0.5	0.645	0.3200754912099248	9.080586221416739e-14	-9.081260017323235e-14	-1.463685167203316	true
0.5	0.65	0.32161931155570983	1.7724676672272088e-13	-1.772602874627905e-13	-1.4646976878026152	true
0.5	0.655	0.3232137226568344	3.378973252304082e-13	-3.379511869551028e-13	-1.4657440014724195	true
0.5	0.66	0.32485855435974664	1.8454796791962413e-13	-1.8452784201179933e-13	-1.4668240560518724	true
0.5	0.665	0.32655363158376927	3.481267477748297e-13	-3.481334199366085e-13	-1.4679377977998844	true
0.5	0.67	0.3282987743810847	6.4399537747881e-13	-6.439887335566384e-13	-1.4690851714072561	true
0.5	0.675	0.3300937979981481	1.1695375888965782e-12	-1.1695309759596197e-12	-1.470266120009106	true
0.5	0.68	0.33193851293849985	2.086868138009361e-12	-2.086868136266451e-12	-1.4714805851976167	true
0.5	0.685	0.3338327250269234	1.2351849764416127e-12	-1.2352046190314452e-12	-1.4727285070350733	true
0.5	0.69	0.3357762354749165	2.190417129246865e-12	-2.190443181623609e-12	-1.4740098240672102	true
0.5	0.695	0.3377688409474245	3.824555995942076e-12	-3.824504156786699e-12	-1.4753244733368323	true
0.5	0.7	0.33981033363080376	6.579145336075175e-12	-6.5791517803608514e-12	-1.4766723903977257	true
0.5	0.705	0.3419005013019618	4.159337863830273e-12	-4.159325044735831e-12	-1.4780535093288458	true
0.5	0.71	0.3440391273986338	7.125572770515344e-12	-7.125547275581279e-12	-1.47946776274877	true
0.5	0.715	0.34622599109075514	4.70177256404408e-12	-4.7017472176039554e-12	-1.4809150818304162	true
0.5	0.72	0.34846086735287485	8.023108586760783e-12	-8.023089688922864e-12	-1.482395396316008	true
0.5	0.725	0.35074352703757683	5.513832099068946e-12	-5.513807053926601e-12	-1.4839086345322992	true
0.5	0.73	0.35307373694985716	9.373343435290632e-12	-9.373318544461207e-12	-1.4854547234060314	true
0.5	0.735	0.35545125992240856	6.696202977038167e-12	-6.696134959682587e-12	-1.4870335884796226	true
0.5	0.74	0.3578758548917749	1.134184856072648e-11	-1.1341842416809705e-11	-1.4886451539270906	true
0.5	0.745	0.36034727697532176	8.407604290809173e-12	-8.407647014263048e-12	-1.4902893425701884	true
0.5	0.75	0.3628652775489793	1.4190529542783499e-11	-1.4190541667966897e-11	-1.491966075894754	true
0.5	0.755	0.36542960432571403	1.0897196355671019e-11	-1.0897220440161582e-11	-1.4936752740672565	true
0.5	0.76	0.3680400014346804	1.832943615917115e-11	-1.8329478014857423e-11	-1.495416855951556	true
0.5	0.765	0.3706962095010017	1.4558864543850767e-11	-1.4558882355386767e-11	-1.4971907391258306	true
0.5	0.77	0.3733979657261466	1.1859460443618643e-11	-1.1859466338085218e-11	-1.4989968398997005	true
0.5	0.775	0.37614500396883843	2.002223164239978e-11	-2.0022266749935998e-11	-1.5008350733315217	true
0.5	0.78	0.3789370548264637	1.6828072164908423e-11	-1.6828066357086138e-11	-1.5027053532458405	true
0.5	0.785	0.38177384571693285	1.4480516136444135e-11	-1.4480487318065145e-11	-1.5046075922510167	true
0.5	0.79	0.3846551009609364	2.451717174367348e-11	-2.4517108832080838e-11	-1.5065417017569858	true
0.5	0.795	0.38758054186456475	2.171917254128562e-11	-2.1719178215433065e-11	-1.5085075919931743	true
0.5	0.8	0.3905498868022409	1.966878776309956e-11	-1.9668787763065726e-11	-1.5105051720265477	true
0.5	0.805	0.3935628512999179	1.819836664855101e-11	-1.819831081060504e-11	-1.5125343497797834	true
0.5	0.81	0.39661914811850063	3.105129273294237e-11	-3.1051337036374694e-11	-1.51459503204957	true
0.5	0.815	0.39971848733744686	2.949472602225656e-11	-2.949479192363153e-11	-1.5166871245250144	true
0.5	0.82	0.40286057643850287	2.858618231565559e-11	-2.858617687030131e-11	-1.5188105318061547	true
0.5	0.825	0.4060451203895317	2.8254703667105338e-11	-2.8254671275153066e-11	-1.5209651574225773	true
0.5	0.83	0.4092718217283909	2.8467046155354604e-11	-2.8467035452052244e-11	-1.523150903852117	true
0.5	0.835	0.41254038064681164	2.9222040077620126e-11	-2.922204538196422e-11	-1.525367672539642	true
0.5	0.84	0.4158504950742513	3.054908054859515e-11	-3.0549091062054766e-11	-1.5276153639159173	true
0.5	0.845	0.4192018607616638	3.251019317082605e-11	-3.251022442599901e-11	-1.5298938774165354	true
0.5	0.85	0.42259417136515265	3.520397618420403e-11	-3.520396586143665e-11	-1.5322031115009032	true
0.5	0.855	0.4260271185294706	3.8773528439851255e-11	-3.8773518213152567e-11	-1.5345429636712902	true
0.5	0.86	0.4295003919713201	4.341948624898552e-11	-4.3419486248941205e-11	-1.536913330491919	true
0.5	0.865	0.4330136795624179	4.941640752907265e-11	-4.9416412545629663e-11	-1.5393141076080927	true
0.5	0.87	0.43656666741229205	5.7139768217314833e-11	-5.71397980253878e-11	-1.5417451897653605	true
0.5	0.875	0.44015903995076006	4.4310511207461044e-11	-4.4310540723538e-11	-1.544206470828705	true
0.5	0.88	0.4437904800100685	5.346935155688434e-11	-5.346926388661585e-11	-1.5466978438017494	true
0.5	0.885	0.4474606689066428	6.547094270831355e-11	-6.547098610352964e-11	-1.549219200845971	true
0.5	0.89	0.45116928652242805	5.564778762332279e-11	-5.564778285048481e-11	-1.5517704332999327	true
0.5	0.895	0.4549160113857672	7.090357195107948e-11	-7.090358139850355e-11	-1.5543514316984937	true
0.5	0.9	0.45870052075180495	6.410941169640556e-11	-6.410940234707837e-11	-1.556962085792031	true
0.5	0.905	0.462522490682367	8.483856200874794e-11	-8.483854350634846e-11	-1.5596022845656328	true
0.5	0.91	0.4663815961252896	8.13967013477872e-11	-8.139668304209259e-11	-1.5622719162582746	true
0.5	0.915	0.47027751099317555	8.080949590903946e-11	-8.080954118166488e-11	-1.5649708683819692	true
0.5	0.92	0.47420990824153464	8.295469122915039e-11	-8.295469122896473e-11	-1.5676990277408849	true
0.5	0.925	0.47817845994628166	8.798870480075684e-11	-8.798868708470098e-11	-1.5704562804504134	true
0.5	0.93	0.48218283738057577	9.636556594061275e-11	-9.636558346031394e-11	-1.5732425119562072	true
0.5	0.935	0.48622271109095816	1.0890073119825915e-10	-1.0890067056576276e-10	-1.5760576070531522	true
0.5	0.94	0.4902977509727705	9.672166111840262e-11	-9.672162686308153e-11	-1.5789014499042886	true
0.5	0.945	0.4944076263448262	1.1730851994671375e-10	-1.1730851148069294e-10	-1.5817739240596724	true
0.5	0.95	0.49855200602331157	1.1389119835190828e-10	-1.1389121508845408e-10	-1.5846749124751578	true
0.5	0.955	0.502730558394888	1.1601396667573992e-10	-1.1601392532162578e-10	-1.5876042975311149	true
0.5	0.96	0.5069429514889828	1.238682232477284e-10	-1.238681823800635e-10	-1.5905619610510644	true
0.5	0.965	0.5111888530492302	1.384917800533961e-10	-1.384917315943225e-10	-1.5935477843202268	true
0.5	0.97	0.5154679306040636	1.6199249759062682e-10	-1.6199254546877943e-10	-1.5965616481039828	true
0.5	0.975	0.5197798515364168	1.61382713535081e-10	-1.6138273718458906e-10	-1.599603432666241	true
0.5	0.98	0.5241242831525321	1.7096091590820395e-10	-1.70960861399114e-10	-1.6026730177877042	true
0.5	0.985	0.5285008927498432	1.9234479204274288e-10	-1.92344761278185e-10	-1.605770282784027	true
0.5	0.99	0.5329093476839306	1.9212723754434674e-10	-1.9212719956636282e-10	-1.608895106523875	true
0.5	0.995	0.5373493154345187	2.0690116552728424e-10	-2.0690112052468545e-10	-1.612047367446861	true
0.5	1.0	0.5418204636705118	2.398613379270679e-10	-2.3986133052142774e-10	-1.6152269435813724	true
