# ngraphs=200  nhist=1
0	0.00594659
10	0.0147365
20	0.0194658
30	0.0220612
40	0.0252484
50	0.0276573
60	0.0289546
70	0.0302332
80	0.0314033
90	0.032703
100	0.0344423
110	0.0357961
120	0.0364244
130	0.0370158
140	0.0387161
150	0.0383091
160	0.040716
170	0.043087
180	0.0464088
190	0.0503553
200	0.0537533
210	0.0572417
220	0.0620401
230	0.0659007
240	0.0697081
250	0.0738999
260	0.0778415
270	0.0823867
280	0.0865709
290	0.0913154
300	0.0957305
310	0.0992624
320	0.102211
330	0.106109
340	0.109207
350	0.112602
360	0.116624
370	0.122423
380	0.126914
390	0.132238
400	0.137932
410	0.143947
420	0.151057
430	0.156793
440	0.161519
450	0.166522
460	0.169175
470	0.171453
480	0.173536
490	0.177529
500	0.180341
510	0.185066
520	0.188702
530	0.193061
540	0.196624
550	0.19925
560	0.200699
570	0.20369
580	0.207526
590	0.213262
600	0.218337
610	0.223887
620	0.227632
630	0.230389
640	0.235089
650	0.23884
660	0.240942
670	0.244359
680	0.247264
690	0.249231
700	0.251164
710	0.252389
720	0.25429
730	0.256647
740	0.259171
750	0.261498
760	0.263439
770	0.263624
780	0.265414
790	0.267817
800	0.270387
810	0.275389
820	0.278056
830	0.28147
840	0.284656
850	0.286574
860	0.287648
870	0.288538
880	0.29019
890	0.292908
900	0.294429
910	0.296159
920	0.299047
930	0.302697
940	0.305181
950	0.308634
960	0.312533
970	0.315225
980	0.318862
990	0.322666
1000	0.32556
1010	0.328709
1020	0.331626
1030	0.333486
1040	0.33549
1050	0.338592
1060	0.340445
1070	0.342864
1080	0.345103
1090	0.347363
1100	0.349534
1110	0.351211
1120	0.352969
1130	0.354144
1140	0.355517
1150	0.357522
1160	0.359372
1170	0.359673
1180	0.361358
1190	0.36277
1200	0.363121
1210	0.364226
1220	0.365491
1230	0.365655
1240	0.367108
1250	0.368269
1260	0.369912
1270	0.371933
1280	0.372804
1290	0.373695
1300	0.375061
1310	0.376182
1320	0.376651
1330	0.379043
1340	0.380669
1350	0.38226
1360	0.384268
1370	0.384372
1380	0.385028
1390	0.385311
1400	0.385615
1410	0.386593
1420	0.386651
1430	0.389518
1440	0.389952
1450	0.39185
1460	0.392703
1470	0.394943
1480	0.395735
1490	0.396716
1500	0.398522
1510	0.400172
1520	0.401071
1530	0.401849
1540	0.403225
1550	0.404928
1560	0.406551
1570	0.407949
1580	0.408741
1590	0.410069
1600	0.410795
1610	0.411778
1620	0.412589
1630	0.412962
1640	0.414691
1650	0.415231
1660	0.416059
1670	0.416377
1680	0.418242
1690	0.419694
1700	0.42219
1710	0.424051
1720	0.424771
1730	0.425584
1740	0.426437
1750	0.426129
1760	0.427022
1770	0.427704
1780	0.428314
1790	0.42971
1800	0.430135
1810	0.430584
1820	0.431406
1830	0.431564
1840	0.431377
1850	0.431806
1860	0.432106
1870	0.433624
1880	0.434694
1890	0.435377
1900	0.436018
1910	0.436954
1920	0.437168
1930	0.436762
1940	0.436854
1950	0.437261
1960	0.437559
1970	0.437482
1980	0.438034
1990	0.439649
2000	0.440596
2010	0.441575
2020	0.441327
2030	0.441792
2040	0.441513
2050	0.44265
2060	0.442133
2070	0.442609
2080	0.443416
2090	0.444712
2100	0.446273
2110	0.447003
2120	0.447716
2130	0.447779
2140	0.447965
2150	0.448016
2160	0.448233
2170	0.447727
2180	0.447464
2190	0.448096
2200	0.448322
2210	0.449045
2220	0.449536
2230	0.450345
2240	0.450811
2250	0.451645
2260	0.45288
2270	0.455268
2280	0.456037
2290	0.456914
2300	0.45747
2310	0.458916
2320	0.460237
2330	0.461489
2340	0.462319
2350	0.463424
2360	0.463251
2370	0.463527
2380	0.462782
2390	0.462634
2400	0.462957
2410	0.463746
2420	0.463516
2430	0.464418
2440	0.465346
2450	0.465165
2460	0.466177
2470	0.465967
2480	0.465859
2490	0.466636
2500	0.467431
2510	0.467794
2520	0.468404
2530	0.467987
2540	0.468149
2550	0.469362
2560	0.468696
2570	0.468897
2580	0.469225
2590	0.468972
2600	0.47043
2610	0.470555
2620	0.470717
2630	0.471395
2640	0.47186
2650	0.472027
2660	0.472613
2670	0.472688
2680	0.472483
2690	0.47275
2700	0.473392
2710	0.474017
2720	0.473866
2730	0.475017
2740	0.474496
2750	0.473964
2760	0.47307
2770	0.472651
2780	0.472687
2790	0.47421
2800	0.474483
2810	0.474788
2820	0.475418
2830	0.474923
2840	0.475087
2850	0.475841
2860	0.476187
2870	0.4757
2880	0.476651
2890	0.477166
2900	0.478013
2910	0.4787
2920	0.48039
2930	0.482286
2940	0.481801
2950	0.482904
2960	0.48269
2970	0.483403
2980	0.484277
2990	0.485068
3000	0.4859
3010	0.486061
3020	0.486721
3030	0.487585
3040	0.486527
3050	0.486851
3060	0.487623
3070	0.487375
3080	0.487699
3090	0.486496
3100	0.486084
3110	0.486103
3120	0.487925
3130	0.487573
3140	0.487524
3150	0.487165
3160	0.487035
3170	0.487543
3180	0.486712
3190	0.486871
3200	0.486925
3210	0.48715
3220	0.487746
3230	0.486559
3240	0.487267
3250	0.486671
3260	0.486228
3270	0.486815
3280	0.487306
3290	0.48799
3300	0.488039
3310	0.488033
3320	0.489138
3330	0.488709
3340	0.489155
3350	0.489401
3360	0.489743
3370	0.489775
3380	0.489987
3390	0.489786
3400	0.489176
3410	0.48898
3420	0.489756
3430	0.489138
3440	0.489508
3450	0.488523
3460	0.488901
3470	0.488802
3480	0.487556
3490	0.488763
3500	0.488312
3510	0.488808
3520	0.489096
3530	0.489264
3540	0.488518
3550	0.489348
3560	0.489389
3570	0.488956
3580	0.489064
3590	0.489888
3600	0.490405
3610	0.489738
3620	0.48918
3630	0.489193
3640	0.488943
3650	0.488433
3660	0.488293
3670	0.488374
3680	0.488105
3690	0.487512
3700	0.487628
3710	0.48825
3720	0.48903
3730	0.489101
3740	0.489385
3750	0.490333
3760	0.489843
3770	0.490114
3780	0.490114
3790	0.489943
3800	0.489247
3810	0.489473
3820	0.489632
3830	0.490089
3840	0.490479
3850	0.491218
3860	0.490573
3870	0.491738
3880	0.492019
3890	0.492205
3900	0.492323
3910	0.49292
3920	0.492945
3930	0.493909
3940	0.495238
3950	0.494611
3960	0.49521
3970	0.496471
3980	0.497197
3990	0.497487
4000	0.49734
4010	0.498533
4020	0.498962
4030	0.498603
4040	0.498719
4050	0.49879
4060	0.499877
4070	0.499414
4080	0.499134
4090	0.499545
4100	0.498701
4110	0.49842
4120	0.498286
4130	0.497698
4140	0.498886
4150	0.499351
4160	0.49964
4170	0.499701
4180	0.498904
4190	0.499515
4200	0.499419
4210	0.500576
4220	0.501438
4230	0.502015
4240	0.50265
4250	0.504299
4260	0.504223
4270	0.504014
4280	0.503589
4290	0.503186
4300	0.503855
4310	0.503533
4320	0.503221
4330	0.503144
4340	0.503865
4350	0.504422
4360	0.504337
4370	0.504033
4380	0.504351
4390	0.504126
4400	0.503362
4410	0.504079
4420	0.505999
4430	0.506953
4440	0.506568
4450	0.506551
4460	0.507228
4470	0.5071
4480	0.506913
4490	0.506761
4500	0.507156
4510	0.506095
4520	0.505632
4530	0.505594
4540	0.505866
4550	0.506223
4560	0.505543
4570	0.506118
4580	0.50548
4590	0.505592
4600	0.505083
4610	0.505172
4620	0.506
4630	0.506007
4640	0.505364
4650	0.50622
4660	0.506319
4670	0.506263
4680	0.506617
4690	0.506574
4700	0.506761
4710	0.506198
4720	0.506224
4730	0.506597
4740	0.506759
4750	0.507361
4760	0.508003
4770	0.508407
4780	0.508716
4790	0.50915
4800	0.508607
4810	0.508907
4820	0.508552
4830	0.508623
4840	0.508999
4850	0.508804
4860	0.509781
4870	0.509322
4880	0.508996
4890	0.508992
4900	0.5103
4910	0.509611
4920	0.510054
4930	0.511505
4940	0.511416
4950	0.511705
4960	0.51103
4970	0.510755
4980	0.511293
4990	0.510542
5000	0.511318
5010	0.511484
5020	0.511086
5030	0.511435
5040	0.511358
5050	0.51057
5060	0.511374
5070	0.510351
5080	0.510169
5090	0.510164
5100	0.511273
5110	0.510603
5120	0.510398
5130	0.511109
5140	0.510094
5150	0.510281
5160	0.509798
5170	0.510544
5180	0.510767
5190	0.510913
5200	0.511322
5210	0.511043
5220	0.510698
5230	0.5111
5240	0.510675
5250	0.511132
5260	0.511521
5270	0.510615
5280	0.511047
5290	0.511545
5300	0.511772
5310	0.510649
5320	0.50989
5330	0.510988
5340	0.511504
5350	0.511304
5360	0.511118
5370	0.510966
5380	0.510731
5390	0.510728
5400	0.510962
5410	0.511163
5420	0.510928
5430	0.510701
5440	0.510335
5450	0.511089
5460	0.51123
5470	0.511017
5480	0.509568
5490	0.510206
5500	0.510854
5510	0.510443
5520	0.510509
5530	0.509859
5540	0.510336
5550	0.511111
5560	0.511014
5570	0.510953
5580	0.511034
5590	0.510871
5600	0.511385
5610	0.511918
5620	0.511594
5630	0.511332
5640	0.510815
5650	0.510644
5660	0.509947
5670	0.511238
5680	0.511222
5690	0.511062
5700	0.510266
5710	0.510499
5720	0.510835
5730	0.509854
5740	0.510579
5750	0.510704
5760	0.510681
5770	0.510103
5780	0.509738
5790	0.509901
5800	0.510494
5810	0.51117
5820	0.510603
5830	0.511015
5840	0.511557
5850	0.510869
5860	0.510943
5870	0.510179
5880	0.510829
5890	0.510466
5900	0.511275
5910	0.510486
5920	0.510192
5930	0.510022
5940	0.510314
5950	0.510868
5960	0.51067
5970	0.510724
5980	0.511866
5990	0.511032
6000	0.510849
6010	0.509936
6020	0.510177
6030	0.510158
6040	0.511052
6050	0.510048
6060	0.509695
6070	0.510142
6080	0.510041
6090	0.511296
6100	0.51125
6110	0.511385
6120	0.51048
6130	0.510744
6140	0.510872
6150	0.510831
6160	0.510753
6170	0.511085
6180	0.510038
6190	0.509314
6200	0.509984
6210	0.51022
6220	0.510405
6230	0.5108
6240	0.511345
6250	0.510996
6260	0.510335
6270	0.510533
6280	0.509993
6290	0.510219
6300	0.509737
6310	0.509791
6320	0.509925
6330	0.510112
6340	0.510391
6350	0.510937
6360	0.511875
6370	0.511185
6380	0.511524
6390	0.511066
6400	0.511062
6410	0.511155
6420	0.510868
6430	0.510815
6440	0.510644
6450	0.510356
6460	0.510404
6470	0.510752
6480	0.510848
6490	0.510656
6500	0.510622
6510	0.51097
6520	0.511269
6530	0.511149
6540	0.510947
6550	0.510738
6560	0.510224
6570	0.5106
6580	0.510616
6590	0.510053
6600	0.510515
6610	0.510318
6620	0.51027
6630	0.510224
6640	0.510093
6650	0.51036
6660	0.509918
6670	0.510473
6680	0.51051
6690	0.510438
6700	0.510564
6710	0.509908
6720	0.509622
6730	0.509668
6740	0.510196
6750	0.510643
6760	0.510367
6770	0.510023
6780	0.510759
6790	0.511815
6800	0.511304
6810	0.510658
6820	0.510956
6830	0.510907
6840	0.510972
6850	0.510447
6860	0.510493
6870	0.510903
6880	0.511638
6890	0.511856
6900	0.511763
6910	0.511739
6920	0.511079
6930	0.511887
6940	0.511505
6950	0.511429
6960	0.510818
6970	0.509909
6980	0.509232
6990	0.509744
7000	0.510852
7010	0.510666
7020	0.511817
7030	0.511449
7040	0.511261
7050	0.51091
7060	0.510392
7070	0.509837
7080	0.511042
7090	0.511325
7100	0.511256
7110	0.510612
7120	0.510221
7130	0.511014
7140	0.509819
7150	0.510028
7160	0.510019
7170	0.510635
7180	0.510002
7190	0.509996
7200	0.511085
7210	0.510972
7220	0.511304
7230	0.511626
7240	0.512162
7250	0.511598
7260	0.511828
7270	0.511585
7280	0.512227
7290	0.51235
7300	0.513304
7310	0.513528
7320	0.51377
7330	0.513533
7340	0.513358
7350	0.513166
7360	0.512808
7370	0.512825
7380	0.512174
7390	0.512418
7400	0.512381
7410	0.512811
7420	0.51285
7430	0.513071
7440	0.513347
7450	0.513037
7460	0.51263
7470	0.512924
7480	0.513268
7490	0.513819
7500	0.512907
7510	0.514113
7520	0.514379
7530	0.513617
7540	0.513051
7550	0.51261
7560	0.512482
7570	0.51297
7580	0.513857
7590	0.513607
7600	0.513678
7610	0.513052
7620	0.513863
7630	0.513029
7640	0.513799
7650	0.513307
7660	0.513782
7670	0.512736
7680	0.51233
7690	0.512408
7700	0.513305
7710	0.513178
7720	0.513198
7730	0.512572
7740	0.513243
7750	0.51309
7760	0.513178
7770	0.513626
7780	0.513175
7790	0.513071
7800	0.512493
7810	0.5124
7820	0.512734
7830	0.512348
7840	0.51261
7850	0.513039
7860	0.513551
7870	0.513486
7880	0.513281
7890	0.513235
7900	0.513619
7910	0.512912
7920	0.5125
7930	0.512787
7940	0.512905
7950	0.512674
7960	0.513268
7970	0.512767
7980	0.513405
7990	0.513234
8000	0.512481
8010	0.512702
8020	0.512203
8030	0.511884
8040	0.512431
8050	0.512716
8060	0.512402
8070	0.512823
8080	0.513055
8090	0.512763
8100	0.51278
8110	0.513868
8120	0.514043
8130	0.514098
8140	0.513128
8150	0.51259
8160	0.511872
8170	0.512528
8180	0.512996
8190	0.513607
8200	0.514254
8210	0.513603
8220	0.514038
8230	0.513055
8240	0.513248
8250	0.513691
8260	0.51378
8270	0.513918
8280	0.513682
8290	0.513302
8300	0.513694
8310	0.513183
8320	0.514035
8330	0.514582
8340	0.5141
8350	0.513505
8360	0.51309
8370	0.513483
8380	0.514201
8390	0.513744
8400	0.51425
8410	0.514045
8420	0.513682
8430	0.5129
8440	0.512866
8450	0.512681
8460	0.512237
8470	0.5123
8480	0.51272
8490	0.512869
8500	0.513531
8510	0.51442
8520	0.514104
8530	0.51402
8540	0.513836
8550	0.513033
8560	0.512563
8570	0.512497
8580	0.513949
8590	0.513228
8600	0.512921
8610	0.513546
8620	0.513081
8630	0.513985
8640	0.51413
8650	0.512648
8660	0.513393
8670	0.513725
8680	0.513702
8690	0.513774
8700	0.513459
8710	0.513755
8720	0.513131
8730	0.512914
8740	0.51277
8750	0.512822
8760	0.512326
8770	0.512706
8780	0.513258
8790	0.512838
8800	0.5138
8810	0.513627
8820	0.513695
8830	0.514505
8840	0.514051
8850	0.514094
8860	0.512949
8870	0.512744
8880	0.513107
8890	0.513019
8900	0.512161
8910	0.513236
8920	0.513053
8930	0.513217
8940	0.512939
8950	0.51247
8960	0.512915
8970	0.512892
8980	0.514372
8990	0.513745
9000	0.513721
9010	0.512902
9020	0.512688
9030	0.513378
9040	0.512775
9050	0.513671
9060	0.513728
9070	0.51381
9080	0.513742
9090	0.513428
9100	0.512547
9110	0.51324
9120	0.513298
9130	0.512511
9140	0.512358
9150	0.513112
9160	0.513282
9170	0.514056
9180	0.514148
9190	0.514027
9200	0.513727
9210	0.513577
9220	0.513171
9230	0.513841
9240	0.513547
9250	0.513189
9260	0.512946
9270	0.513408
9280	0.513031
9290	0.513034
9300	0.513205
9310	0.512776
9320	0.513686
9330	0.5142
9340	0.513646
9350	0.513318
9360	0.514064
9370	0.513436
9380	0.513914
9390	0.514248
9400	0.513463
9410	0.513219
9420	0.513122
9430	0.513176
9440	0.512961
9450	0.513848
9460	0.513411
9470	0.513687
9480	0.513679
9490	0.513753
9500	0.514116
9510	0.514408
9520	0.51415
9530	0.514129
9540	0.512791
9550	0.51304
9560	0.513144
9570	0.512944
9580	0.513188
9590	0.513141
9600	0.514013
9610	0.513216
9620	0.512029
9630	0.512834
9640	0.51331
9650	0.513465
9660	0.513507
9670	0.513108
9680	0.514084
9690	0.513796
9700	0.513128
9710	0.513663
9720	0.513967
9730	0.51353
9740	0.513426
9750	0.513089
9760	0.513419
9770	0.51232
9780	0.512538
9790	0.512702
9800	0.512621
9810	0.511915
9820	0.512827
9830	0.512685
9840	0.512238
9850	0.513121
9860	0.513066
9870	0.512465
9880	0.513256
9890	0.513482
9900	0.513467
9910	0.512813
9920	0.512577
9930	0.512825
9940	0.512882
9950	0.513596
9960	0.5137
9970	0.513536
9980	0.514059
9990	0.513762
10000	0.513051
