# ngraphs=200  nhist=1
0	0.00607291
10	0.0204054
20	0.028004
30	0.0325756
40	0.03573
50	0.0383298
60	0.0415233
70	0.0445457
80	0.0479512
90	0.0509569
100	0.0543513
110	0.0572696
120	0.0598262
130	0.066065
140	0.0736072
150	0.0817625
160	0.09068
170	0.0984564
180	0.10679
190	0.115028
200	0.12458
210	0.132413
220	0.141417
230	0.154145
240	0.163188
250	0.172284
260	0.18142
270	0.19083
280	0.199167
290	0.206616
300	0.216268
310	0.224879
320	0.234318
330	0.243878
340	0.254078
350	0.263325
360	0.270231
370	0.276436
380	0.285354
390	0.293536
400	0.303656
410	0.312352
420	0.318888
430	0.32586
440	0.333446
450	0.340092
460	0.345948
470	0.353653
480	0.359634
490	0.36429
500	0.367962
510	0.372807
520	0.374286
530	0.376977
540	0.379523
550	0.381168
560	0.383399
570	0.387485
580	0.389807
590	0.392254
600	0.39674
610	0.399682
620	0.402856
630	0.40569
640	0.408382
650	0.411446
660	0.415444
670	0.420187
680	0.425462
690	0.427869
700	0.430704
710	0.432648
720	0.433077
730	0.435458
740	0.438519
750	0.438348
760	0.441518
770	0.442372
780	0.442021
790	0.443118
800	0.445139
810	0.447327
820	0.446849
830	0.447137
840	0.448053
850	0.449062
860	0.450359
870	0.452665
880	0.452509
890	0.454598
900	0.456076
910	0.457153
920	0.457255
930	0.458214
940	0.460186
950	0.463111
960	0.463583
970	0.465329
980	0.467055
990	0.469184
1000	0.471348
1010	0.471143
1020	0.473352
1030	0.472797
1040	0.476708
1050	0.477322
1060	0.479592
1070	0.480899
1080	0.481772
1090	0.482137
1100	0.480824
1110	0.481686
1120	0.484314
1130	0.484914
1140	0.4852
1150	0.485844
1160	0.487285
1170	0.48874
1180	0.489646
1190	0.488985
1200	0.490187
1210	0.492
1220	0.492372
1230	0.492442
1240	0.492915
1250	0.49342
1260	0.494158
1270	0.494646
1280	0.495496
1290	0.49547
1300	0.495036
1310	0.496427
1320	0.497815
1330	0.497891
1340	0.496377
1350	0.497789
1360	0.497853
1370	0.497494
1380	0.497995
1390	0.496942
1400	0.496889
1410	0.496881
1420	0.496536
1430	0.498358
1440	0.499787
1450	0.501611
1460	0.500565
1470	0.500474
1480	0.499414
1490	0.498147
1500	0.498445
1510	0.498969
1520	0.498562
1530	0.497313
1540	0.497328
1550	0.497898
1560	0.498004
1570	0.499245
1580	0.498119
1590	0.49898
1600	0.499887
1610	0.501022
1620	0.501127
1630	0.500078
1640	0.499778
1650	0.500535
1660	0.500183
1670	0.500032
1680	0.501144
1690	0.501611
1700	0.500319
1710	0.499161
1720	0.499702
1730	0.501293
1740	0.503533
1750	0.502259
1760	0.504331
1770	0.504957
1780	0.506006
1790	0.507069
1800	0.506553
1810	0.505524
1820	0.506328
1830	0.505012
1840	0.505863
1850	0.50586
1860	0.505742
1870	0.504178
1880	0.506604
1890	0.507337
1900	0.506928
1910	0.507214
1920	0.5076
1930	0.506092
1940	0.506161
1950	0.506126
1960	0.507616
1970	0.506525
1980	0.506919
1990	0.505654
2000	0.506449
2010	0.508314
2020	0.507037
2030	0.507995
2040	0.507294
2050	0.506174
2060	0.505095
2070	0.505757
2080	0.505639
2090	0.507406
2100	0.506925
2110	0.507059
2120	0.506129
2130	0.506644
2140	0.507405
2150	0.508961
2160	0.509346
2170	0.507242
2180	0.507641
2190	0.50715
2200	0.508269
2210	0.509892
2220	0.510909
2230	0.511467
2240	0.510926
2250	0.511404
2260	0.512868
2270	0.513571
2280	0.513531
2290	0.513941
2300	0.5153
2310	0.515488
2320	0.516348
2330	0.515297
2340	0.514421
2350	0.513948
2360	0.513059
2370	0.512261
2380	0.514185
2390	0.513772
2400	0.513495
2410	0.51309
2420	0.514695
2430	0.514748
2440	0.513057
2450	0.512302
2460	0.512591
2470	0.513444
2480	0.513362
2490	0.512951
2500	0.513735
2510	0.513174
2520	0.512762
2530	0.512725
2540	0.512652
2550	0.513868
2560	0.514256
2570	0.514488
2580	0.515022
2590	0.514785
2600	0.512834
2610	0.512792
2620	0.512956
2630	0.512705
2640	0.512123
2650	0.512934
2660	0.513715
2670	0.513634
2680	0.513854
2690	0.514781
2700	0.516656
2710	0.514776
2720	0.514459
2730	0.515337
2740	0.514461
2750	0.514614
2760	0.51411
2770	0.51394
2780	0.513052
2790	0.514321
2800	0.513457
2810	0.512535
2820	0.513126
2830	0.513943
2840	0.515471
2850	0.516275
2860	0.514987
2870	0.512309
2880	0.51293
2890	0.51252
2900	0.513868
2910	0.51508
2920	0.513348
2930	0.51437
2940	0.514018
2950	0.512588
2960	0.511347
2970	0.511953
2980	0.512331
2990	0.514182
3000	0.513021
3010	0.512329
3020	0.513103
3030	0.513118
3040	0.513791
3050	0.513635
3060	0.511499
3070	0.513995
3080	0.513543
3090	0.514481
3100	0.51503
3110	0.514774
3120	0.513725
3130	0.513579
3140	0.512094
3150	0.51272
3160	0.512504
3170	0.511825
3180	0.511853
3190	0.511822
3200	0.513792
3210	0.513038
3220	0.513539
3230	0.514059
3240	0.513632
3250	0.514092
3260	0.513394
3270	0.513272
3280	0.512875
3290	0.513214
3300	0.513735
3310	0.512354
3320	0.511214
3330	0.512349
3340	0.513578
3350	0.513813
3360	0.512879
3370	0.51279
3380	0.512058
3390	0.513857
3400	0.514303
3410	0.513664
3420	0.514898
3430	0.513568
3440	0.513961
3450	0.514606
3460	0.51527
3470	0.515539
3480	0.514155
3490	0.513211
3500	0.51499
3510	0.513412
3520	0.51274
3530	0.513131
3540	0.514204
3550	0.51446
3560	0.513786
3570	0.513972
3580	0.513674
3590	0.513572
3600	0.513512
3610	0.513576
3620	0.513847
3630	0.515111
3640	0.513397
3650	0.51478
3660	0.514993
3670	0.513573
3680	0.511785
3690	0.512509
3700	0.512018
3710	0.513972
3720	0.513366
3730	0.51524
3740	0.514528
3750	0.514029
3760	0.514896
3770	0.514429
3780	0.51591
3790	0.515968
3800	0.51552
3810	0.514822
3820	0.514448
3830	0.514366
3840	0.514235
3850	0.513647
3860	0.512262
3870	0.51298
3880	0.513045
3890	0.512899
3900	0.514508
3910	0.513717
3920	0.513131
3930	0.513242
3940	0.513321
3950	0.513715
3960	0.512935
3970	0.513811
3980	0.513219
3990	0.514291
4000	0.513537
4010	0.512194
4020	0.512935
4030	0.513876
4040	0.514068
4050	0.514723
4060	0.51597
4070	0.514221
4080	0.513022
4090	0.513487
4100	0.512979
4110	0.513841
4120	0.514955
4130	0.514881
4140	0.514578
4150	0.515511
4160	0.514507
4170	0.514318
4180	0.514192
4190	0.514507
4200	0.513917
4210	0.514627
4220	0.516539
4230	0.516349
4240	0.514062
4250	0.514735
4260	0.513672
4270	0.514472
4280	0.514742
4290	0.514438
4300	0.515244
4310	0.514292
4320	0.513139
4330	0.513511
4340	0.512665
4350	0.513631
4360	0.513658
4370	0.512207
4380	0.514217
4390	0.513404
4400	0.511629
4410	0.513774
4420	0.51394
4430	0.513573
4440	0.513395
4450	0.51438
4460	0.514357
4470	0.51335
4480	0.514713
4490	0.51305
4500	0.51305
4510	0.512651
4520	0.514392
4530	0.514601
4540	0.51544
4550	0.515039
4560	0.514038
4570	0.515164
4580	0.51551
4590	0.514019
4600	0.514045
4610	0.512763
4620	0.513506
4630	0.51317
4640	0.513782
4650	0.51466
4660	0.512985
4670	0.514872
4680	0.514358
4690	0.515002
4700	0.514539
4710	0.512773
4720	0.513484
4730	0.513187
4740	0.512666
4750	0.511617
4760	0.512276
4770	0.510084
4780	0.511745
4790	0.514323
4800	0.513748
4810	0.513876
4820	0.514406
4830	0.512741
4840	0.512453
4850	0.513198
4860	0.512926
4870	0.513176
4880	0.51381
4890	0.513838
4900	0.513517
4910	0.512067
4920	0.511836
4930	0.513863
4940	0.512688
4950	0.513122
4960	0.513616
4970	0.513936
4980	0.51459
4990	0.514663
5000	0.514393
5010	0.513482
5020	0.512996
5030	0.51414
5040	0.513988
5050	0.512674
5060	0.512003
5070	0.512975
5080	0.513487
5090	0.513712
5100	0.512587
5110	0.51177
5120	0.51282
5130	0.513278
5140	0.514797
5150	0.514498
5160	0.514192
5170	0.512857
5180	0.512949
5190	0.514075
5200	0.515379
5210	0.514328
5220	0.513533
5230	0.513195
5240	0.513737
5250	0.514146
5260	0.512685
5270	0.512506
5280	0.512597
5290	0.514042
5300	0.514176
5310	0.513274
5320	0.513253
5330	0.51322
5340	0.513049
5350	0.513308
5360	0.511995
5370	0.513491
5380	0.514962
5390	0.515375
5400	0.515584
5410	0.513568
5420	0.514099
5430	0.513932
5440	0.514118
5450	0.513776
5460	0.515029
5470	0.513336
5480	0.512935
5490	0.51451
5500	0.513222
5510	0.513207
5520	0.511564
5530	0.512761
5540	0.51244
5550	0.511419
5560	0.512111
5570	0.513456
5580	0.51433
5590	0.51445
5600	0.514882
5610	0.514609
5620	0.512438
5630	0.511927
5640	0.512396
5650	0.513886
5660	0.513693
5670	0.513559
5680	0.513716
5690	0.514203
5700	0.515233
5710	0.51501
5720	0.513725
5730	0.513525
5740	0.513982
5750	0.514767
5760	0.514039
5770	0.514491
5780	0.514151
5790	0.512561
5800	0.513297
5810	0.512023
5820	0.513479
5830	0.513409
5840	0.514108
5850	0.513341
5860	0.513096
5870	0.512904
5880	0.513698
5890	0.513134
5900	0.51281
5910	0.51478
5920	0.513767
5930	0.514453
5940	0.51418
5950	0.513779
5960	0.513841
5970	0.512992
5980	0.513425
5990	0.513762
6000	0.514441
6010	0.515205
6020	0.513824
6030	0.513927
6040	0.514275
6050	0.513589
6060	0.513529
6070	0.514256
6080	0.513744
6090	0.514747
6100	0.514557
6110	0.513111
6120	0.51323
6130	0.512518
6140	0.513229
6150	0.513513
6160	0.514183
6170	0.513901
6180	0.513147
6190	0.512652
6200	0.512627
6210	0.512748
6220	0.513768
6230	0.514966
6240	0.513738
6250	0.513006
6260	0.513438
6270	0.513628
6280	0.514004
6290	0.513492
6300	0.513703
6310	0.513979
6320	0.514474
6330	0.513207
6340	0.51266
6350	0.512793
6360	0.512723
6370	0.514222
6380	0.513355
6390	0.51301
6400	0.514125
6410	0.514566
6420	0.512887
6430	0.513116
6440	0.513219
6450	0.513697
6460	0.513121
6470	0.513946
6480	0.512307
6490	0.512601
6500	0.511777
6510	0.512426
6520	0.513673
6530	0.512956
6540	0.514139
6550	0.513317
6560	0.513178
6570	0.514065
6580	0.513919
6590	0.513425
6600	0.513552
6610	0.51274
6620	0.512166
6630	0.513308
6640	0.514186
6650	0.513925
6660	0.515394
6670	0.515804
6680	0.515661
6690	0.514128
6700	0.513688
6710	0.5135
6720	0.513825
6730	0.513393
6740	0.513985
6750	0.513769
6760	0.51285
6770	0.51398
6780	0.512672
6790	0.5127
6800	0.514039
6810	0.513132
6820	0.513127
6830	0.513146
6840	0.514028
6850	0.513521
6860	0.513765
6870	0.514369
6880	0.514323
6890	0.513927
6900	0.512886
6910	0.513444
6920	0.513318
6930	0.512968
6940	0.512267
6950	0.514352
6960	0.514176
6970	0.513134
6980	0.512069
6990	0.51156
7000	0.512636
7010	0.513329
7020	0.514654
7030	0.513225
7040	0.513941
7050	0.514534
7060	0.513799
7070	0.51309
7080	0.513554
7090	0.513269
7100	0.513347
7110	0.513421
7120	0.513266
7130	0.515109
7140	0.513139
7150	0.514142
7160	0.514714
7170	0.515032
7180	0.513759
7190	0.514855
7200	0.514581
7210	0.513534
7220	0.512453
7230	0.51322
7240	0.514152
7250	0.513345
7260	0.513467
7270	0.512365
7280	0.512728
7290	0.51461
7300	0.513859
7310	0.513742
7320	0.51412
7330	0.515389
7340	0.513237
7350	0.514136
7360	0.512817
7370	0.511314
7380	0.511177
7390	0.512788
7400	0.514594
7410	0.514782
7420	0.513978
7430	0.514319
7440	0.514226
7450	0.514332
7460	0.513939
7470	0.514541
7480	0.515079
7490	0.514948
7500	0.513884
7510	0.513167
7520	0.513733
7530	0.51474
7540	0.513733
7550	0.513659
7560	0.513006
7570	0.513301
7580	0.512584
7590	0.512421
7600	0.51233
7610	0.51357
7620	0.513657
7630	0.51383
7640	0.513937
7650	0.514341
7660	0.513414
7670	0.513309
7680	0.51399
7690	0.513959
7700	0.514359
7710	0.514044
7720	0.514567
7730	0.513945
7740	0.512253
7750	0.51327
7760	0.513729
7770	0.51469
7780	0.514244
7790	0.514127
7800	0.512685
7810	0.5136
7820	0.51295
7830	0.513774
7840	0.514903
7850	0.515422
7860	0.515071
7870	0.514981
7880	0.51312
7890	0.513688
7900	0.514142
7910	0.513643
7920	0.515193
7930	0.514668
7940	0.514294
7950	0.514796
7960	0.515061
7970	0.514492
7980	0.514717
7990	0.514012
8000	0.51502
8010	0.513466
8020	0.512325
8030	0.512745
8040	0.515216
8050	0.515801
8060	0.515365
8070	0.514807
8080	0.513574
8090	0.514878
8100	0.513111
8110	0.51297
8120	0.513189
8130	0.513462
8140	0.514511
8150	0.514882
8160	0.514147
8170	0.513486
8180	0.513042
8190	0.512781
8200	0.513318
8210	0.512948
8220	0.512289
8230	0.513392
8240	0.513504
8250	0.512237
8260	0.512292
8270	0.5128
8280	0.513002
8290	0.514499
8300	0.513608
8310	0.512252
8320	0.513943
8330	0.515473
8340	0.514359
8350	0.514035
8360	0.513769
8370	0.515174
8380	0.513828
8390	0.512918
8400	0.514457
8410	0.515625
8420	0.515105
8430	0.515294
8440	0.514859
8450	0.514874
8460	0.514106
8470	0.51388
8480	0.515227
8490	0.516162
8500	0.516087
8510	0.514914
8520	0.514629
8530	0.514186
8540	0.512924
8550	0.51166
8560	0.51279
8570	0.511357
8580	0.512032
8590	0.513391
8600	0.513335
8610	0.513981
8620	0.512417
8630	0.511849
8640	0.513515
8650	0.51341
8660	0.51373
8670	0.513554
8680	0.512475
8690	0.513613
8700	0.514298
8710	0.512826
8720	0.513411
8730	0.514416
8740	0.512173
8750	0.51271
8760	0.513418
8770	0.513154
8780	0.513536
8790	0.513844
8800	0.514931
8810	0.512194
8820	0.513324
8830	0.514918
8840	0.514286
8850	0.513498
8860	0.514009
8870	0.512643
8880	0.511547
8890	0.511934
8900	0.5129
8910	0.514141
8920	0.513511
8930	0.514552
8940	0.514126
8950	0.514484
8960	0.513683
8970	0.514274
8980	0.514327
8990	0.513129
9000	0.512621
9010	0.512073
9020	0.512621
9030	0.513597
9040	0.513029
9050	0.513809
9060	0.513225
9070	0.513275
9080	0.512783
9090	0.514335
9100	0.514108
9110	0.514054
9120	0.513049
9130	0.51177
9140	0.512425
9150	0.511568
9160	0.512964
9170	0.512675
9180	0.513173
9190	0.513159
9200	0.513405
9210	0.513764
9220	0.513439
9230	0.512809
9240	0.513378
9250	0.512973
9260	0.512939
9270	0.512743
9280	0.513885
9290	0.513858
9300	0.514342
9310	0.51326
9320	0.514719
9330	0.513721
9340	0.514356
9350	0.513679
9360	0.515537
9370	0.515874
9380	0.51621
9390	0.51512
9400	0.514234
9410	0.513617
9420	0.513084
9430	0.512415
9440	0.513068
9450	0.514394
9460	0.514934
9470	0.514382
9480	0.5134
9490	0.513193
9500	0.515137
9510	0.515943
9520	0.515164
9530	0.514251
9540	0.513668
9550	0.514849
9560	0.515601
9570	0.514499
9580	0.513163
9590	0.513213
9600	0.512395
9610	0.512867
9620	0.514569
9630	0.514205
9640	0.513058
9650	0.514044
9660	0.514097
9670	0.513567
9680	0.513169
9690	0.513558
9700	0.51531
9710	0.51513
9720	0.513996
9730	0.514377
9740	0.514406
9750	0.513532
9760	0.51334
9770	0.514322
9780	0.513129
9790	0.512604
9800	0.513056
9810	0.512559
9820	0.512798
9830	0.513503
9840	0.513811
9850	0.513813
9860	0.513612
9870	0.512722
9880	0.514736
9890	0.514625
9900	0.514163
9910	0.514077
9920	0.512617
9930	0.512891
9940	0.511553
9950	0.51258
9960	0.513041
9970	0.51311
9980	0.514106
9990	0.513718
10000	0.513292
