#  T   alpha   e   m(norm)    m(1)   free_ener    Ï+    energy_dens       convergence
0.5	0.5	0.36552928931500245	2.4433647386669512e-17	0.0	-1.1582330607786533	0.3655292893150024	0.3655292893150024	true
0.5	0.501	0.36553094804270797	1.0366273183541706e-16	1.0366273183541706e-16	-1.1582341573660857	0.36553094804270797	0.3662605439238234	true
0.5	0.502	0.365535924209205	0.0	0.0	-1.1582374471231471	0.365535924209205	0.3669921882642963	true
0.5	0.503	0.3655442177646351	6.910606286953062e-17	6.910606286953062e-17	-1.1582429300341377	0.36554421776463514	0.36772421883939455	true
0.5	0.504	0.3655558286259029	0.0	0.0	-1.1582506060728897	0.3655558286259028	0.36845663214690827	true
0.5	0.505	0.3655707566766783	0.0	0.0	-1.1582604752027688	0.36557075667667827	0.3691894246795145	true
0.5	0.506	0.36558900176740017	0.0	0.0	-1.158272537376675	0.3655890017674002	0.3699225929248492	true
0.5	0.507	0.36561056371528117	2.4428396499616612e-17	0.0	-1.158286792537044	0.365610563715281	0.3706561333655788	true
0.5	0.508	0.3656354423043126	0.0	0.0	-1.1583032406158473	0.36563544230431255	0.3713900424794723	true
0.5	0.509	0.3656636372852722	2.4424968068442833e-17	0.0	-1.158321881534595	0.3656636372852722	0.37212431673947344	true
0.5	0.51	0.36569514837573086	2.4422932706379377e-17	0.0	-1.1583427152043366	0.3656951483757309	0.372858952613772	true
0.5	0.511	0.3657299752600619	8.805002592380597e-17	0.0	-1.158365741525663	0.36572997526006185	0.37359394656587686	true
0.5	0.512	0.3657681175894503	2.441822000555909e-17	0.0	-1.1583909603887073	0.3657681175894502	0.3743292950546886	true
0.5	0.513	0.36580957498190386	0.0	0.0	-1.1584183716731493	0.3658095749819038	0.3750649945345716	true
0.5	0.514	0.36585434702226427	0.0	0.0	-1.1584479752482166	0.3658543470222643	0.37580104145542687	true
0.5	0.515	0.3659024332622213	6.904062529186157e-17	0.0	-1.158479770972687	0.36590243326222127	0.37653743226276487	true
0.5	0.516	0.36595383322032465	1.220311444327573e-16	0.0	-1.1585137586948924	0.36595383322032465	0.37727416339777886	true
0.5	0.517	0.3660085463820002	0.0	0.0	-1.1585499382527202	0.36600854638200014	0.37801123129741776	true
0.5	0.518	0.36606657219956534	0.0	0.0	-1.1585883094736191	0.3660665721995653	0.3787486323944592	true
0.5	0.519	0.3661279100922455	2.4394993529697272e-17	0.0	-1.1586288721746	0.3661279100922455	0.37948636311758316	true
0.5	0.52	0.36619255944619306	2.439082195340287e-17	0.0	-1.1586716261622427	0.366192559446193	0.38022441989144556	true
0.5	0.521	0.36626051961450423	1.0346289135191545e-16	-1.0346289135191545e-16	-1.1587165712326952	0.36626051961450423	0.38096279913675135	true
0.5	0.522	0.3663317899172412	2.438183988163467e-17	0.0	-1.1587637071716832	0.36633178991724114	0.38170149727032854	true
0.5	0.523	0.36640636964145157	0.0	0.0	-1.158813033754511	0.3664063696414515	0.38244051070520235	true
0.5	0.524	0.3664842580411904	1.034016679200735e-16	0.0	-1.158864550746066	0.3664842580411904	0.38317983585066834	true
0.5	0.525	0.36656545433754345	2.4366771615211415e-17	0.0	-1.1589182579008268	0.3665654543375435	0.3839194691123669	true
0.5	0.526	0.36664995771865133	0.0	0.0	-1.1589741549628638	0.36664995771865116	0.3846594068923573	true
0.5	0.527	0.3667377673397334	2.435566448198918e-17	0.0	-1.1590322416658472	0.3667377673397334	0.3853996455891922	true
0.5	0.528	0.3668288823231145	2.4349792935168633e-17	0.0	-1.1590925177330513	0.3668288823231145	0.3861401815979911	true
0.5	0.529	0.366923301758252	2.244379132986447e-16	0.0	-1.1591549828773613	0.36692330175825205	0.38688101131051544	true
0.5	0.53	0.36702102470176295	0.0	0.0	-1.1592196368012773	0.36702102470176307	0.3876221311152429	true
0.5	0.531	0.3671220501774538	2.4330908575861234e-17	0.0	-1.1592864791969222	0.3671220501774538	0.38836353739744206	true
0.5	0.532	0.3672263771763494	8.77021186036034e-17	-1.0319880326381598e-16	-1.1593555097460462	0.36722637717634943	0.38910522653924645	true
0.5	0.533	0.36733400465672494	0.0	0.0	-1.1594267281200346	0.36733400465672494	0.3898471949197299	true
0.5	0.534	0.3674449315441371	1.031391203372432e-16	1.031391203372432e-16	-1.1595001339799138	0.3674449315441371	0.39058943891498105	true
0.5	0.535	0.3675591567314574	0.0	0.0	-1.1595757269763585	0.3675591567314574	0.39133195489817824	true
0.5	0.536	0.36767667907890544	2.429521432849117e-17	0.0	-1.1596535067496987	0.36767667907890544	0.39207473923966396	true
0.5	0.537	0.36779749741408463	1.3739053300276043e-16	1.3739053300276043e-16	-1.1597334729299262	0.3677974974140846	0.39281778830702074	true
0.5	0.538	0.36792161053201744	8.754085467090792e-17	0.0	-1.1598156251367033	0.36792161053201755	0.3935610984651453	true
0.5	0.539	0.36804901719518246	1.2135637651292098e-16	1.0297430012701716e-16	-1.1598999629793707	0.3680490171951824	0.3943046660763237	true
0.5	0.54	0.36817971613355194	2.426287665427773e-17	0.0	-1.1599864860569524	0.36817971613355205	0.3950484875003073	true
0.5	0.541	0.3683137060446312	1.0290214826684382e-16	-1.0290214826684382e-16	-1.160075193958169	0.3683137060446313	0.3957925590943867	true
0.5	0.542	0.3684509855934981	6.85764953425897e-17	-6.85764953425897e-17	-1.1601660862614414	0.368450985593498	0.39653687721346786	true
0.5	0.543	0.36859155341284294	2.4236427418065066e-17	0.0	-1.1602591625349006	0.3685915534128429	0.3972814382101471	true
0.5	0.544	0.3687354081030119	6.852485308536367e-17	6.852485308536367e-17	-1.1603544223363982	0.3687354081030119	0.39802623843478613	true
0.5	0.545	0.36888254823204836	2.421775291830814e-17	0.0	-1.1604518652135125	0.3688825482320484	0.3987712742355876	true
0.5	0.546	0.36903297233573723	1.2104052009489535e-16	0.0	-1.160551490703561	0.36903297233573723	0.3995165419586705	true
0.5	0.547	0.36918667891764906	0.0	0.0	-1.1606532983336058	0.369186678917649	0.40026203794814535	true
0.5	0.548	0.3693436664491863	0.0	0.0	-1.1607572876204664	0.36934366644918626	0.40100775854618975	true
0.5	0.549	0.3695039333696292	2.417791430540791e-17	0.0	-1.160863458070728	0.3695039333696292	0.401753700093124	true
0.5	0.55	0.3696674780861839	1.4700478486258107e-16	-1.0253375474590919e-16	-1.1609718091807517	0.36966747808618394	0.4024998589274858	true
0.5	0.551	0.3698342989740303	1.2317576560514645e-16	6.832562135136757e-17	-1.1610823404366846	0.36983429897403036	0.4032462313861063	true
0.5	0.552	0.3700043943763721	5.399179916382271e-17	0.0	-1.1611950513144698	0.37000439437637217	0.403992813804186	true
0.5	0.553	0.3701777626044867	0.0	0.0	-1.1613099412798578	0.3701777626044868	0.40473960251536895	true
0.5	0.554	0.3703544019377765	2.4123473668142574e-17	0.0	-1.1614270097884165	0.3703544019377766	0.4054865938518193	true
0.5	0.555	0.37053431062382175	1.0229842434495783e-16	0.0	-1.1615462562855425	0.37053431062382175	0.40623378414429645	true
0.5	0.556	0.37071748687843303	2.4100261616872647e-17	0.0	-1.161667680206473	0.37071748687843287	0.4069811697222304	true
0.5	0.557	0.37090392888570545	1.4652370865008284e-16	-6.813214060223783e-17	-1.1617912809762947	0.37090392888570534	0.40772874691379757	true
0.5	0.558	0.37109363479807445	6.809787138935219e-17	-6.809787138935219e-17	-1.161917058009958	0.37109363479807445	0.40847651204599555	true
0.5	0.559	0.37128660273637093	0.0	0.0	-1.1620450107122884	0.371286602736371	0.40922446144471913	true
0.5	0.56	0.37148283078987876	0.0	0.0	-1.1621751384779961	0.3714828307898788	0.40997259143483594	true
0.5	0.561	0.37168231701639226	0.0	0.0	-1.1623074406916916	0.3716823170163922	0.41072089834026115	true
0.5	0.562	0.3718850594422749	5.372318753777541e-17	-6.795505431349739e-17	-1.1624419167278948	0.3718850594422749	0.41146937848403314	true
0.5	0.563	0.3720910560625195	2.4012611054145653e-17	0.0	-1.16257856595105	0.3720910560625195	0.4122180281883892	true
0.5	0.564	0.37230030484080845	2.3999280863383435e-17	0.0	-1.1627173877155377	0.3723003048408085	0.4129668437748406	true
0.5	0.565	0.37251280370957535	0.0	0.0	-1.1628583813656865	0.37251280370957535	0.4137158215642479	true
0.5	0.566	0.37272855057006715	2.3972017959742405e-17	0.0	-1.1630015462357886	0.37272855057006715	0.4144649578768958	true
0.5	0.567	0.3729475432924078	6.776370051740977e-17	6.776370051740977e-17	-1.1631468816501103	0.3729475432924078	0.4152142490325692	true
0.5	0.568	0.37316977971566245	2.3943954470370298e-17	0.0	-1.1632943869229084	0.3731697797156625	0.4159636913506279	true
0.5	0.569	0.3733952576479025	1.6920799097063993e-16	1.6920799097063993e-16	-1.1634440613584411	0.3733952576479024	0.41671328115008144	true
0.5	0.57	0.37362397486627125	0.0	0.0	-1.1635959042509847	0.37362397486627125	0.4174630147496652	true
0.5	0.571	0.3738559291170515	0.0	0.0	-1.163749914884845	0.37385592911705157	0.4182128884679138	true
0.5	0.572	0.37409111811573303	1.688955622949625e-16	-1.688955622949625e-16	-1.1639060925343732	0.3740911181157329	0.41896289862323804	true
0.5	0.573	0.37432953954708076	2.3870315814811997e-17	0.0	-1.1640644364639803	0.37432953954708076	0.4197130415339983	true
0.5	0.574	0.3745711910652052	8.601040796276081e-17	1.0120817274789084e-16	-1.1642249459281513	0.37457119106520526	0.42046331351857996	true
0.5	0.575	0.3748160702936321	5.330669282652781e-17	0.0	-1.1643876201714607	0.3748160702936322	0.4212137108954683	true
0.5	0.576	0.37506417482537435	8.589780380230463e-17	1.0107567179139596e-16	-1.1645524584285858	0.3750641748253744	0.4219642299833231	true
0.5	0.577	0.3753155022230033	2.3807855209409774e-17	0.0	-1.1647194599243247	0.37531550222300336	0.42271486710105327	true
0.5	0.578	0.3755700500187228	0.0	0.0	-1.1648886238736087	0.3755700500187228	0.4234656185678914	true
0.5	0.579	0.37582781571444224	3.3623566636053986e-17	0.0	-1.1650599494815213	0.3758278157144422	0.42421648070346835	true
0.5	0.58	0.37608879678185164	2.3758958823207814e-17	0.0	-1.1652334359433103	0.37608879678185164	0.42496744982788776	true
0.5	0.581	0.3763529906624973	0.0	0.0	-1.1654090824444066	0.3763529906624973	0.42571852226180007	true
0.5	0.582	0.37662039476785786	5.305158914985528e-17	0.0	-1.1655868881604392	0.37662039476785786	0.4264696943264774	true
0.5	0.583	0.37689100647942186	8.548156053595274e-17	6.705725311156708e-17	-1.1657668522572513	0.37689100647942186	0.4272209623438869	true
0.5	0.584	0.3771648231487656	2.369105429955589e-17	0.0	-1.1659489738909177	0.3771648231487656	0.42797232263676527	true
0.5	0.585	0.37744184209763243	1.420415864618012e-16	1.0043856899763494e-16	-1.1661332522077605	0.3774418420976325	0.4287237715286928	true
0.5	0.586	0.3777220606180121	1.1827975028845354e-16	0.0	-1.1663196863443677	0.3777220606180121	0.4294753053441674	true
0.5	0.587	0.37800547597222117	6.68586765109089e-17	0.0	-1.1665082754276073	0.37800547597222117	0.43022692040867716	true
0.5	0.588	0.3782920853929853	0.0	0.0	-1.166699018574648	0.3782920853929853	0.43097861304877644	true
0.5	0.589	0.3785818860835203	1.1800932769422736e-16	1.0013423502702432e-16	-1.1668919148929737	0.37858188608352034	0.4317303795921566	true
0.5	0.59	0.37887487521761604	1.0005614133073433e-16	0.0	-1.1670869634804037	0.37887487521761604	0.4324822163677215	true
0.5	0.591	0.37917104993971956	8.496432323775605e-17	0.0	-1.167284163425108	0.3791710499397195	0.4332341197056598	true
0.5	0.592	0.3794704073650201	1.9416595161608382e-16	9.98975579550216e-17	-1.1674835138056272	0.37947040736502013	0.43398608593751875	true
0.5	0.593	0.3797729445795348	2.3527109734269002e-17	0.0	-1.1676850136908898	0.37977294457953475	0.4347381113962769	true
0.5	0.594	0.3800786586401938	9.973579574885636e-17	9.973579574885636e-17	-1.1678886621402298	0.3800786586401938	0.4354901924164173	true
0.5	0.595	0.3803875465749286	6.643581906346194e-17	0.0	-1.1680944582034076	0.3803875465749286	0.436242325334	true
0.5	0.596	0.3806996053827587	0.0	0.0	-1.1683024009206262	0.38069960538275877	0.4369945064867354	true
0.5	0.597	0.38101483203388054	0.0	0.0	-1.1685124893225498	0.3810148320338805	0.4377467322140556	true
0.5	0.598	0.3813332234697571	2.3429467547455453e-17	0.0	-1.1687247224303265	0.3813332234697572	0.4384989988571888	true
0.5	0.599	0.3816547766032074	2.3409385219574454e-17	0.0	-1.1689390992556028	0.3816547766032075	0.4392513027592297	true
0.5	0.6	0.38197948831849793	1.192615774444523e-16	9.923163061585208e-17	-1.1691556188005467	0.3819794883184978	0.4400036402652123	true
0.5	0.601	0.38230735547143335	5.225393780640711e-17	6.609658407241163e-17	-1.169374280057864	0.3823073554714335	0.44075600772218293	true
0.5	0.602	0.38263837488945035	1.1674020562025543e-16	0.0	-1.169595082010821	0.38263837488945024	0.4415084014792702	true
0.5	0.603	0.38297254337170866	0.0	0.0	-1.169818023633263	0.3829725433717086	0.44226081788775823	true
0.5	0.604	0.38330985768918646	8.4031832039307e-17	0.0	-1.1700431038896335	0.38330985768918646	0.4430132533011576	true
0.5	0.605	0.38365031458477467	9.879016040418809e-17	0.0	-1.1702703217349952	0.3836503145847746	0.44376570407527716	true
0.5	0.606	0.3839939107733715	8.387850568878859e-17	0.0	-1.1704996761150517	0.3839939107733714	0.44451816656829457	true
0.5	0.607	0.3843406429419794	2.3242180499702823e-17	0.0	-1.1707311659661659	0.3843406429419794	0.44527063714082815	true
0.5	0.608	0.3846905077498008	8.372259846021756e-17	-9.851611460246367e-17	-1.1709647902153817	0.38469050774980085	0.446023112156007	true
0.5	0.609	0.3850435018283367	8.364368273221067e-17	-6.561550314466246e-17	-1.1712005477804448	0.3850435018283367	0.4467755879795428	true
0.5	0.61	0.38539962178148357	1.9665928742584545e-16	-1.9665928742584545e-16	-1.1714384375698241	0.3853996217814836	0.4475280609797992	true
0.5	0.611	0.3857588641856332	8.3483938623071e-17	9.823528433322032e-17	-1.1716784584827316	0.38575886418563315	0.44828052752786335	true
0.5	0.612	0.3861212255897716	0.0	0.0	-1.1719206094091454	0.3861212255897715	0.4490329839976151	true
0.5	0.613	0.38648670251557954	9.804433151311075e-17	0.0	-1.17216488922983	0.3864867025155796	0.44978542676579797	true
0.5	0.614	0.3868552914575337	1.4042972501193724e-16	9.794774365248938e-17	-1.1724112968163585	0.38685529145753383	0.45053785221208836	true
0.5	0.615	0.3872269888830078	2.1263556137582186e-16	0.0	-1.1726598310311354	0.3872269888830078	0.4512902567191655	true
0.5	0.616	0.38760179123237476	0.0	0.0	-1.1729104907274153	0.3876017912323747	0.4520426366727808	true
0.5	0.617	0.3879796949191103	1.1736498237976457e-16	9.765356813403893e-17	-1.1731632747493297	0.38797969491911033	0.45279498846182736	true
0.5	0.618	0.3883606963298962	1.472315801519057e-16	1.3007206466068828e-16	-1.1734181819319056	0.3883606963298962	0.45354730847840924	true
0.5	0.619	0.3887447918247245	0.0	0.0	-1.1736752111010893	0.38874479182472443	0.4542995931179098	true
0.5	0.62	0.38913197773700253	9.735283483144027e-17	9.735283483144027e-17	-1.1739343610737691	0.3891319777370025	0.45505183877906075	true
0.5	0.621	0.3895222503736582	8.264758240450571e-17	9.725114663811745e-17	-1.1741956306577985	0.3895222503736581	0.4558040418640108	true
0.5	0.622	0.38991560601524683	2.2898177955378676e-17	0.0	-1.1744590186520178	0.3899156060152469	0.45655619877839354	true
0.5	0.623	0.39031204091605753	2.2873872523355073e-17	0.0	-1.1747245238462782	0.39031204091605765	0.4573083059313964	true
0.5	0.624	0.39071155130422075	2.2849399494110744e-17	0.0	-1.1749921450214647	0.39071155130422075	0.45806035973582765	true
0.5	0.625	0.3911141333818164	6.45581690924591e-17	6.45581690924591e-17	-1.1752618809495194	0.39111413338181633	0.45881235660818426	true
0.5	0.626	0.39151978332498255	2.2799953469835234e-17	0.0	-1.1755337303934654	0.3915197833249825	0.45956429296871976	true
0.5	0.627	0.39192849728402485	9.662606484682378e-17	0.0	-1.1758076921074303	0.391928497284025	0.4603161652415114	true
0.5	0.628	0.39234027138352673	2.274984557333837e-17	0.0	-1.17608376483667	0.3923402713835268	0.4610679698545268	true
0.5	0.629	0.39275510172245914	2.2724545218251278e-17	0.0	-1.1763619473175917	0.39275510172245903	0.46181970323969124	true
0.5	0.63	0.3931729843742923	0.0	0.0	-1.1766422382777795	0.3931729843742923	0.46257136183295394	true
0.5	0.631	0.3935939153871077	9.619532404980939e-17	-9.619532404980939e-17	-1.1769246364360177	0.3935939153871077	0.4633229420743547	true
0.5	0.632	0.39401789078370986	2.2647667233492104e-17	0.0	-1.1772091405023164	0.3940178907837098	0.46407444040808976	true
0.5	0.633	0.3944449065617391	8.156376432948253e-17	-9.597582136571873e-17	-1.1774957491779339	0.3944449065617391	0.4648258532825777	true
0.5	0.634	0.3948749586937856	1.3744372057865017e-16	9.58650478646002e-17	-1.1777844611554031	0.3948749586937856	0.4655771771505255	true
0.5	0.635	0.3953080431275032	5.046657684329975e-17	3.191786570734753e-17	-1.1780752751185561	0.3953080431275033	0.4663284084689937	true
0.5	0.636	0.3957441557857237	0.0	0.0	-1.178368189742549	0.3957441557857237	0.4670795436994612	true
0.5	0.637	0.3961832925665725	0.0	0.0	-1.1786632036938856	0.3961832925665724	0.4678305793078914	true
0.5	0.638	0.3966254493435834	8.108733899324868e-17	-9.541521319197417e-17	-1.1789603156304453	0.39662544934358346	0.4685815117647956	true
0.5	0.639	0.39707062196581633	1.123134061206635e-16	-9.530108530329581e-17	-1.1792595242015063	0.3970706219658162	0.4693323375452979	true
0.5	0.64	0.3975188062579725	8.089279692083525e-17	0.0	-1.1795608280477714	0.3975188062579725	0.47008305312920023	true
0.5	0.641	0.39796999802051286	2.2408414004443787e-17	0.0	-1.1798642258013954	0.39796999802051297	0.47083365500104507	true
0.5	0.642	0.3984241930297752	8.069601802504146e-17	-9.495474705667419e-17	-1.180169716086008	0.3984241930297752	0.47158413965017976	true
0.5	0.643	0.398881387038093	8.059679668812409e-17	9.483799362595732e-17	-1.1804772975167426	0.39888138703809306	0.47233450357082024	true
0.5	0.644	0.39934157577391377	1.8410373842474142e-16	-9.47205919778691e-17	-1.1807869687002592	0.3993415757739138	0.47308474326211386	true
0.5	0.645	0.39980475494191914	2.229803379155195e-17	0.0	-1.1810987282347742	0.399804754941919	0.47383485522820235	true
0.5	0.646	0.4002709202231436	2.2270058717735424e-17	0.0	-1.1814125747100834	0.4002709202231437	0.4745848359782847	true
0.5	0.647	0.4007400672750961	0.0	0.0	-1.18172850670759	0.40074006727509615	0.47533468202667944	true
0.5	0.648	0.40121219173188	1.1106829006710128e-16	-9.424456929749013e-17	-1.1820465228003314	0.40121219173187994	0.47608438989288676	true
0.5	0.649	0.40168728920431446	6.274931749401718e-17	-6.274931749401718e-17	-1.1823666215530044	0.4016872892043144	0.47683395610165075	true
0.5	0.65	0.40216535528005676	1.8800550985794774e-16	1.8800550985794774e-16	-1.182688801521994	0.40216535528005676	0.4775833771830206	true
0.5	0.651	0.4026463855237241	9.388090873267574e-17	9.388090873267574e-17	-1.1830130612553986	0.4026463855237241	0.4783326496724119	true
0.5	0.652	0.40313037547701647	0.0	0.0	-1.1833393992930579	0.4031303754770165	0.47908177011066855	true
0.5	0.653	0.4036173206588396	0.0	0.0	-1.1836678141665797	0.4036173206588396	0.47983073504412216	true
0.5	0.654	0.40410721656542886	9.351165473381871e-17	0.0	-1.183998304399367	0.404107216565429	0.480579541024654	true
0.5	0.655	0.4046000586704733	7.936398067545827e-17	9.33873429555144e-17	-1.1843308685066465	0.4046000586704732	0.48132818460975424	true
0.5	0.656	0.40509584242523977	4.915361297123438e-17	0.0	-1.1846655049954946	0.40509584242523977	0.4820766623625827	true
0.5	0.657	0.40559456325869836	7.91511444919274e-17	0.0	-1.1850022123648658	0.40559456325869836	0.4828249708520275	true
0.5	0.658	0.4060962165776475	9.039022511935757e-17	6.200718287473074e-17	-1.1853409891056208	0.40609621657764766	0.4835731066527656	true
0.5	0.659	0.40660079776683994	9.288405183828692e-17	-9.288405183828692e-17	-1.185681833700553	0.40660079776683977	0.484321066345321	true
0.5	0.66	0.4071083021891078	7.882806726161459e-17	-6.183782356704267e-17	-1.1860247446244183	0.4071083021891079	0.4850688465161242	true
0.5	0.661	0.4076187251854915	1.8653973187414477e-16	1.8525765666881886e-16	-1.1863697203439625	0.4076187251854917	0.48581644375757044	true
0.5	0.662	0.40813206207536457	7.861016825614253e-17	-9.25003342857422e-17	-1.1867167593179482	0.4081320620753645	0.4865638546680777	true
0.5	0.663	0.4086483081565614	6.158083780716002e-17	6.158083780716002e-17	-1.1870658599971842	0.40864830815656134	0.48731107585214506	true
0.5	0.664	0.4091674587055061	7.83902856511244e-17	0.0	-1.187417020824555	0.4091674587055061	0.4880581039204103	true
0.5	0.665	0.4096895089773396	2.1710856951972057e-17	0.0	-1.1877702402350474	0.40968950897733963	0.4888049354897067	true
0.5	0.666	0.4102144542060485	1.0840012721190934e-16	9.198055803963059e-17	-1.1881255166557798	0.4102144542060484	0.489551567183121	true
0.5	0.667	0.4107422896045939	1.3168608930113685e-16	6.123278774665953e-17	-1.188482848506032	0.41074228960459386	0.49029799563004917	true
0.5	0.668	0.4112730103650407	2.2569813510220155e-16	-9.17172393525319e-17	-1.1888422341972718	0.4112730103650407	0.49104421746625354	true
0.5	0.669	0.4118066116586872	7.783205831645504e-17	0.0	-1.1892036721331865	0.4118066116586873	0.49179022933391886	true
0.5	0.67	0.4123430886361952	0.0	0.0	-1.18956716070971	0.41234308863619534	0.4925360278817076	true
0.5	0.671	0.41288243642771977	1.2914322925128982e-16	-9.131805314791594e-17	-1.1899326983150529	0.4128824364277197	0.4932816097648159	true
0.5	0.672	0.4134246501430401	9.118388321817182e-17	0.0	-1.190300283329731	0.41342465014304003	0.49402697164502896	true
0.5	0.673	0.4139697248716908	1.0730247039918534e-16	0.0	-1.1906699141265964	0.4139697248716909	0.4947721101907755	true
0.5	0.674	0.41451765568309296	1.5152317191171516e-16	-1.5152317191171516e-16	-1.1910415890708645	0.414517655683093	0.4955170220771824	true
0.5	0.675	0.41506843762668527	6.051873348547074e-17	0.0	-1.1914153065201452	0.4150684376266852	0.49626170398612884	true
0.5	0.676	0.4156220657320567	1.068223388452381e-16	9.064176021561002e-17	-1.1917910648244725	0.4156220657320567	0.4970061526063016	true
0.5	0.677	0.41617853500907814	4.770026357914146e-17	0.0	-1.1921688623263331	0.41617853500907814	0.49775036463324607	true
0.5	0.678	0.416737840448035	1.064991005662812e-16	-9.036748344082262e-17	-1.1925486973606971	0.41673784044803514	0.49849433676942206	true
0.5	0.679	0.4172999770197604	2.1267309823619378e-17	0.0	-1.1929305682550488	0.4172999770197604	0.49923806572425544	true
0.5	0.68	0.4178649396757674	1.2916549378888215e-16	-9.009110196082204e-17	-1.1933144733294148	0.4178649396757674	0.4999815482141911	true
0.5	0.681	0.41843272334838294	1.0600960313099863e-16	8.995213109378855e-17	-1.1937004108963953	0.418432723348383	0.5007247809627455	true
0.5	0.682	0.41900332295088166	8.981264502930061e-17	-8.981264502930061e-17	-1.1940883792611938	0.4190033229508816	0.5014677607005584	true
0.5	0.683	0.419576733377619	2.1136045697537957e-17	0.0	-1.194478376721648	0.41957673337761914	0.5022104841654448	true
0.5	0.684	0.42015294950416643	8.953214200978498e-17	-8.953214200978498e-17	-1.1948704015682596	0.42015294950416654	0.5029529481024461	true
0.5	0.685	0.4207319661874446	7.596785476012089e-17	-8.939113242176284e-17	-1.1952644520842253	0.4207319661874445	0.5036951492638807	true
0.5	0.686	0.4213137782658587	0.0	0.0	-1.1956605265454665	0.42131377826585875	0.5044370844093964	true
0.5	0.687	0.4218983805594335	8.910761555312149e-17	8.910761555312149e-17	-1.1960586232206607	0.4218983805594336	0.5051787503060184	true
0.5	0.688	0.42248576786994796	7.560581014340672e-17	0.0	-1.1964587403712719	0.4224857678699482	0.5059201437282009	true
0.5	0.689	0.42307593498107116	1.776442528969784e-16	0.0	-1.1968608762515822	0.423075934981071	0.5066612614578768	true
0.5	0.69	0.42366887665849673	0.0	0.0	-1.1972650291087203	0.42366887665849673	0.5074021002845062	true
0.5	0.691	0.42426458765007996	1.629829444557549e-16	0.0	-1.197671197182696	0.4242645876500798	0.5081426570051258	true
0.5	0.692	0.42486306268597296	8.839025984797707e-17	0.0	-1.198079378706428	0.4248630626859729	0.5088829284243982	true
0.5	0.693	0.42546429647876133	1.973226022559474e-16	-8.824535042829035e-17	-1.198489571905777	0.42546429647876133	0.5096229113546592	true
0.5	0.694	0.4260682837235999	8.809997028767393e-17	-8.809997028767393e-17	-1.1989017749995758	0.4260682837235999	0.5103626026159666	true
0.5	0.695	0.42667501909834993	8.795412316637895e-17	8.795412316637895e-17	-1.1993159861996614	0.4266750190983499	0.5111019990361473	true
0.5	0.696	0.42728449726371526	1.7561562561809548e-16	1.7561562561809548e-16	-1.1997322037109055	0.4272844972637152	0.5118410974508457	true
0.5	0.697	0.4278967128633801	0.0	0.0	-1.2001504257312474	0.4278967128633801	0.5125798947035691	true
0.5	0.698	0.428511660524145	2.0627204573662462e-17	0.0	-1.200570650451723	0.428511660524145	0.5133183876457356	true
0.5	0.699	0.42912933485606514	0.0	0.0	-1.2009928760564987	0.4291293348560652	0.5140565731367194	true
0.5	0.7	0.4297497304525871	1.838717182759469e-16	-5.814534270408008e-17	-1.2014171007229026	0.429749730452587	0.5147944480438978	true
0.5	0.701	0.43037284189068614	0.0	0.0	-1.2018433226214542	0.43037284189068614	0.5155320092426965	true
0.5	0.702	0.4309986637310053	1.0243671256616177e-16	8.692043291758825e-17	-1.202271539915899	0.4309986637310053	0.5162692536166336	true
0.5	0.703	0.43162719051799164	2.045211732251394e-17	0.0	-1.2027017507632385	0.43162719051799175	0.5170061780573665	true
0.5	0.704	0.43225841678003524	8.662110412116916e-17	0.0	-1.2031339533137628	0.4322584167800353	0.517742779464735	true
0.5	0.705	0.4328923370296066	1.0190680776863791e-16	-8.647079378673337e-17	-1.203568145711082	0.4328923370296067	0.5184790547468059	true
0.5	0.706	0.4335289457633958	2.0345832756471338e-17	0.0	-1.2040043260921593	0.4335289457633959	0.5192150008199174	true
0.5	0.707	0.4341682374624497	1.2186122723311369e-16	-8.616890014024946e-17	-1.204442492587342	0.4341682374624498	0.5199506146087214	true
0.5	0.708	0.4348102065923114	2.1167176246412904e-16	-8.601732439350328e-17	-1.2048826433203934	0.4348102065923114	0.5206858930462276	true
0.5	0.709	0.43545484760315806	1.2143192046265687e-16	8.586533441165016e-17	-1.2053247764085264	0.4354548476031581	0.5214208330738461	true
0.5	0.71	0.43610215492994	8.571293398262865e-17	8.571293398262865e-17	-1.2057688899624353	0.43610215492994003	0.5221554316414296	true
0.5	0.711	0.4367521229925193	0.0	0.0	-1.2062149820863262	0.4367521229925194	0.5228896857073158	true
0.5	0.712	0.43740474619580866	1.207836202622775e-16	8.54069169437173e-17	-1.2066630508779528	0.4374047461958087	0.5236235922383685	true
0.5	0.713	0.43806001892991014	3.34437425100401e-16	-8.525330791808188e-17	-1.2071130944286463	0.43806001892991014	0.5243571482100197	true
0.5	0.714	0.4387179355702541	2.0058098219774803e-17	0.0	-1.207565110823348	0.43871793557025424	0.52509035060631	true
0.5	0.715	0.43937849047773864	1.217872878151278e-16	-8.494490782513512e-17	-1.2080190981406436	0.43937849047773875	0.5258231964199296	true
0.5	0.716	0.4400416779988684	0.0	0.0	-1.2084750544527934	0.44004167799886845	0.5265556826522584	true
0.5	0.717	0.44070749246589325	1.9948650669459312e-17	0.0	-1.208932977825767	0.4407074924658937	0.5272878063134063	true
0.5	0.718	0.44137592819694915	1.19471926691177e-16	-8.447940952475334e-17	-1.209392866319275	0.44137592819694943	0.5280195644222518	true
0.5	0.719	0.44204697949619465	1.9875236200830004e-17	0.0	-1.2098547179868016	0.44204697949619504	0.5287509540064824	true
0.5	0.72	0.4427206406539531	0.0	0.0	-1.210318530875638	0.4427206406539537	0.5294819721026329	true
0.5	0.721	0.4433969059468496	9.900735269883305e-17	0.0	-1.2107843030269145	0.44339690594685044	0.5302126157561229	true
0.5	0.722	0.44407576963795187	7.126176765373088e-17	-8.385349473218974e-17	-1.2112520324756346	0.44407576963795325	0.530942882021297	true
0.5	0.723	0.4447572259769092	9.863680424505285e-17	0.0	-1.2117217172507062	0.44475722597691136	0.5316727679614617	true
0.5	0.724	0.44544126920009147	9.845089615352569e-17	-8.353835554086073e-17	-1.2121933553749757	0.4454412692000972	0.5324022706489241	true
0.5	0.725	0.44612789353073595	9.826457145317269e-17	-8.338025378991413e-17	-1.2126669448652616	0.44612789353076815	0.533131387165058	true
0.5	0.726	0.44697769363511863	1.9993242682247841e-16	-1.6635383458532255e-16	-1.2131425079867857	0.44745788201656056	0.5346257334796678	true
0.5	0.727	0.44823640909005247	2.1034793735853112e-16	1.6572022388369456e-16	-1.2136204685392995	0.45038623496508773	0.5380257231450079	true
0.5	0.728	0.44949777986873557	5.5029087427694164e-17	0.0	-1.2141009826368345	0.4532785331244496	0.5413781760149499	true
0.5	0.729	0.45076178076939444	3.876240822297921e-17	0.0	-1.2145840513815955	0.45613567915533226	0.5446841542346269	true
0.5	0.73	0.4520283877310577	1.9689118384368506e-16	-1.6382336746966465e-16	-1.2150696758189676	0.45895855202666397	0.5479446928314264	true
0.5	0.731	0.453297576896073	3.846483483543184e-17	0.0	-1.2155578569375596	0.4617480042892203	0.5511607964094525	true
0.5	0.732	0.4545693245094977	1.0837487125636066e-16	0.0	-1.216048595669269	0.46450486267596164	0.554333439821439	true
0.5	0.733	0.45584360693397846	0.0	0.0	-1.2165418928893441	0.4672299291046113	0.5574635693231074	true
0.5	0.734	0.457120400630876	2.6613840592201344e-16	-2.1507231035615284e-16	-1.2170377494164586	0.46992398151647846	0.560552103533938	true
0.5	0.735	0.4583996821671185	3.7871781763981644e-17	0.0	-1.2175361660127855	0.47258777477048564	0.5635999344656198	true
0.5	0.736	0.45968142820347574	3.772398029954483e-17	0.0	-1.2180371433840878	0.47522204143507574	0.5666079284303354	true
0.5	0.737	0.46096561551197035	1.5942304525527697e-16	0.0	-1.218540682179809	0.4778274926446543	0.5695769270275814	true
0.5	0.738	0.4622522209558609	0.0	0.0	-1.21904678299317	0.48040481879497005	0.5725077479404029	true
0.5	0.739	0.4635412215086376	0.0	0.0	-1.219555446361273	0.4829546903374392	0.5754011858510006	true
0.5	0.74	0.46483259423906176	3.713474901603101e-17	0.0	-1.2200666727652159	0.48547775843013447	0.5782580131867966	true
0.5	0.741	0.46612631632208523	0.0	0.0	-1.2205804626302066	0.4879746556443749	0.581078980934019	true
0.5	0.742	0.4674223650382582	1.8420687767847158e-16	-2.08406291756237e-16	-1.2210968163256888	0.4904459966052595	0.5838648193737416	true
0.5	0.743	0.46872071775935326	3.66950133263388e-17	0.0	-1.2216157341654652	0.4928923785647335	0.5866162387387233	true
0.5	0.744	0.4700213519754816	0.0	0.0	-1.2221372164078392	0.49531438207608225	0.5893339299920429	true
0.5	0.745	0.4713242452672937	2.122638932732425e-16	-2.059262241106854e-16	-1.2226612632557528	0.4977125714772941	0.5920185653792016	true
0.5	0.746	0.4726293753268777	0.0	0.0	-1.2231878748569314	0.5000874954986599	0.5946707991290473	true
0.5	0.747	0.4739367199434869	1.8055908992652208e-16	1.532094682702985e-16	-1.2237170513040387	0.5024396877438313	0.5972912680050111	true
0.5	0.748	0.4752462570106477	3.596660129228791e-17	0.0	-1.2242487926348313	0.5047696672132673	0.5998805919076299	true
0.5	0.749	0.47655796454167576	1.291567049309142e-16	0.0	-1.224783098832324	0.5070779388290234	0.602439374479396	true
0.5	0.75	0.4778718206240309	1.0090948917496314e-16	0.0	-1.2253199698249553	0.5093649937720885	0.6049682034876132	true
0.5	0.751	0.4791878034806995	3.5532406586516105e-17	0.0	-1.2258594054867635	0.5116313100969145	0.6074676515373394	true
0.5	0.752	0.4805058914161372	2.5023216324166245e-16	2.5023216324166245e-16	-1.226401405637564	0.5138773530120578	0.6099382763883067	true
0.5	0.753	0.4818260628475758	0.0	0.0	-1.2269459700431318	0.5161035753771539	0.6123806215294844	true
0.5	0.754	0.48314829631335654	3.510046848972457e-17	0.0	-1.22749309841539	0.5183104181185428	0.6147952166575401	true
0.5	0.755	0.48447257042505476	3.495700647459669e-17	0.0	-1.2280427904126054	0.5204983104874096	0.6171825779690688	true
0.5	0.756	0.48579886393161653	0.0	0.0	-1.228595045639584	0.5226676705904736	0.6195432087767067	true
0.5	0.757	0.4871271556550042	9.806405241630714e-17	0.0	-1.2291498636478748	0.52481890558051	0.6218775997222624	true
0.5	0.758	0.48845742455516084	3.4528218411397675e-17	0.0	-1.2297072439359762	0.5269524121575078	0.6241862293586752	true
0.5	0.759	0.48978964967311794	1.9451564175178722e-16	1.9451564175178722e-16	-1.2302671859495486	0.5290685767556471	0.6264695643599891	true
0.5	0.76	0.491123810171978	7.657129260427632e-17	0.0	-1.2308296890816302	0.5311677759580614	0.628728060001722	true
0.5	0.761	0.49245988529531554	2.411368027971453e-16	2.411368027971453e-16	-1.2313947526728568	0.5332503767019992	0.6309621603933694	true
0.5	0.762	0.4937978544260903	0.0	0.0	-1.2319623760116887	0.5353167367089627	0.6331722989776399	true
0.5	0.763	0.4951376970361257	4.78274107117713e-17	0.0	-1.2325325583346354	0.5373672046482978	0.6353588987145263	true
0.5	0.764	0.4964793926946587	0.0	0.0	-1.233105298826492	0.5394021204305294	0.6375223724193708	true
0.5	0.765	0.49782292109358567	4.2686184577195883e-16	-4.2686184577195883e-16	-1.2336805966205746	0.5414218155256394	0.6396631231306596	true
0.5	0.766	0.4991682620135493	1.7029219890213673e-16	-1.416916742199615e-16	-1.23425845079896	0.5434266131405281	0.6417815443116565	true
0.5	0.767	0.5005153953581952	0.0	0.0	-1.234838860392733	0.5454168285379405	0.6438780202195301	true
0.5	0.768	0.5018643011197287	2.388113079204773e-16	-2.3417375368329405e-16	-1.2354218243822293	0.5473927691973199	0.6459529260880044	true
0.5	0.769	0.5032149594134121	4.6637486921822754e-17	0.0	-1.2360073416972939	0.5493547351154929	0.6480066284754099	true
0.5	0.77	0.5045673504516188	3.2838501825558697e-17	0.0	-1.236595411217529	0.5513030189707027	0.6500394854516391	true
0.5	0.771	0.505921454552624	9.248851514401222e-17	0.0	-1.2371860317725591	0.5532379063531316	0.6520518468638483	true
0.5	0.772	0.50727725213143	0.0	0.0	-1.2377792021422889	0.5551596759511105	0.6540440545501095	true
0.5	0.773	0.5086347237263537	4.126750496671772e-16	4.126750496671772e-16	-1.2383749210571702	0.5570685998017457	0.6560164426291767	true
0.5	0.774	0.5099938499636885	4.565771309002038e-17	0.0	-1.2389731871984695	0.5589649434111494	0.6579693376367889	true
0.5	0.775	0.5113546116015966	4.546309206076225e-17	0.0	-1.2395739991985404	0.5608489660246953	0.6599030588388843	true
0.5	0.776	0.5127169894686471	2.263446177693882e-16	-2.263446177693882e-16	-1.2401773556410975	0.5627209206862073	0.6618179182964832	true
0.5	0.777	0.5140809645251405	4.288071877905878e-16	-4.0567689764868754e-16	-1.240783255061494	0.5645810545284466	0.6637142212030052	true
0.5	0.778	0.5154465178279063	1.166930886431842e-15	-1.2118128436022974e-15	-1.2413916959470024	0.566429608871838	0.6655922659960387	true
0.5	0.779	0.5168136305299134	8.44625231336442e-15	-8.44625231336442e-15	-1.2420026767370975	0.5682668193858333	0.6674523445430314	true
0.5	0.78	0.5181822839073285	3.8979459961151463e-14	-3.897923138216682e-14	-1.2426161958237418	0.5700929162941295	0.6692947423785955	true
0.5	0.781	0.5195524593321432	1.745616275393416e-13	-1.745616275393416e-13	-1.2432322515516743	0.5719081244748971	0.6711197388185789	true
0.5	0.782	0.5209241382813087	7.49445866466869e-13	-7.49445866466869e-13	-1.2438508422187027	0.5737126636235556	0.672927607147776	true
0.5	0.783	0.5222973023366134	3.0947483046663748e-12	-3.0947483043546852e-12	-1.2444719660759942	0.5755067483936465	0.6747186147820176	true
0.5	0.784	0.5236719331756645	1.1090410519807271e-11	-1.1090410519721047e-11	-1.2450956213283746	0.5772905885180147	0.6764930234072851	true
0.5	0.785	0.5250480126068497	4.256280844956082e-11	-4.2562808449538547e-11	-1.2457218061346231	0.5790643890008028	0.6782510892019195	true
0.5	0.786	0.5264255225078271	1.4293797504438114e-10	-1.4293797504435485e-10	-1.2463505186077768	0.5808283501404413	0.6799930628608587	true
0.5	0.787	0.5278044448869137	4.658392746827551e-10	-4.658392746827551e-10	-1.2469817568154293	0.5825826677580896	0.6817191898607274	true
0.5	0.788	0.5291847617986294	7.975312524140903e-10	-7.975312524140857e-10	-1.2476155187800384	0.5843275331779004	0.6834297104343847	true
0.5	0.789	0.5305664555111764	1.0873747397496544e-9	-1.0873747397496544e-9	-1.248251802479232	0.5860631336177458	0.6851248600258646	true
0.5	0.79	0.5319495083385598	1.221317667012811e-9	-1.2213177096126198e-9	-1.2488906058461158	0.5877896520251441	0.6868048690961901	true
0.5	0.791	0.5333339026894606	1.3611221069166657e-9	-1.3611221069166657e-9	-1.2495319267695857	0.5895072672686877	0.6884699633453787	true
0.5	0.792	0.5347196210744705	1.4145037201340765e-9	-1.4145037201340765e-9	-1.2501757630946386	0.5912161542559562	0.6901203638484196	true
0.5	0.793	0.5361066461120493	1.5003291337773366e-9	-1.5003291337773366e-9	-1.250822112622688	0.5929164840453957	0.6917562871842218	true
0.5	0.794	0.5374949605252017	1.6406989047671682e-9	-1.6406989047671682e-9	-1.2514709731118785	0.5946084239403812	0.6933779455438093	true
0.5	0.795	0.5388845471404281	1.7568693498081733e-9	-1.7568693498081733e-9	-1.2521223422774053	0.5962921375840184	0.6949855468394416	true
0.5	0.796	0.5402753888869967	1.8807243810579596e-9	-1.8807243810579596e-9	-1.2527762177918307	0.5979677850516125	0.6965792948110718	true
0.5	0.797	0.5416674687965815	1.9458533947290816e-9	-1.9458533947290816e-9	-1.2534325972854075	0.5996355229409275	0.6981593891302765	true
0.5	0.798	0.5430607700030139	2.111194348346208e-9	-2.111194348346208e-9	-1.2540914783463974	0.6012955044599246	0.6997260255012939	true
0.5	0.799	0.5444552757420551	2.3373965920848377e-9	-2.3373965920848377e-9	-1.2547528585213976	0.602947879511925	0.7012793957591	true
0.5	0.8	0.5458509693511706	2.494723751254994e-9	-2.494723751254994e-9	-1.2554167353156631	0.6045927947782547	0.7028196879645989	true
0.5	0.801	0.5472478342693035	2.810966463022519e-9	-2.810966463022519e-9	-1.2560831061934352	0.6062303937984592	0.7043470864970126	true
0.5	0.802	0.5486458540366381	3.1183246803233348e-9	-3.1183246803233348e-9	-1.2567519685782644	0.6078608170481562	0.705861772143563	true
0.5	0.803	0.5500450122943652	3.4208413981432967e-9	-3.4208413981432967e-9	-1.2574233198533413	0.6094842020146193	0.707363922186546	true
0.5	0.804	0.5514452927844381	3.8280654625692755e-9	-3.8280654625692755e-9	-1.2580971573618258	0.6111006832701575	0.7088537104878698	true
0.5	0.805	0.5528466793493267	4.39197859057491e-9	-4.39197859057491e-9	-1.258773478407176	0.6127103925433768	0.7103313075711639	true
0.5	0.806	0.5542491559317672	5.115313824085835e-9	-5.11531378441734e-9	-1.2594522802534796	0.6143134587883841	0.7117968807015226	true
0.5	0.807	0.5556527065745046	6.08326260204534e-9	-6.0832625625556404e-9	-1.260133560125786	0.6159100082520116	0.7132505939629707	true
0.5	0.808	0.5570573154200359	7.444920770689265e-9	-7.444920770689265e-9	-1.2608173152104376	0.6175001645391182	0.7146926083337268	true
0.5	0.809	0.5584629667103453	9.567424938170011e-9	-9.567424938170011e-9	-1.261503542655405	0.6190840486760409	0.7161230817593338	true
0.5	0.81	0.5598696447866368	1.3175981197534624e-8	-1.3175981158578122e-8	-1.262192239570621	0.6206617791722489	0.7175421692237286	true
0.5	0.811	0.5612773340890642	2.0779527710048615e-8	-2.0779527748828447e-8	-1.2628834030283134	0.6222334720802675	0.718950022818323	true
0.5	0.812	0.5626860191564546	4.832338309000963e-8	-4.832338309000963e-8	-1.2635770300633413	0.6237992410539182	0.7203467918091503	true
0.5	0.813	0.5690998298836846	0.1478902134236033	-0.1478902134236033	-1.2642748667299588	0.6404193993239855	0.743876409486335	true
0.5	0.814	0.5828942256572479	0.28177836894542035	-0.28177836894542035	-1.2650078806050855	0.6740979778362045	0.7925767558727458	true
0.5	0.815	0.5925769450004713	0.3465411217821604	-0.3465411217821604	-1.2657731198978115	0.6935315812346462	0.8202490452516022	true
0.5	0.816	0.600681077997561	0.3925745294545736	-0.39257452945457355	-1.2665636285281592	0.7077473758620598	0.8401631502009324	true
0.5	0.817	0.6078606083543753	0.4290919502281133	-0.4290919502281133	-1.267375978204476	0.7190581773834976	0.8557356152006897	true
0.5	0.818	0.614406028674355	0.4596678005949806	-0.4596678005949806	-1.2682079495593586	0.728478302547381	0.8684707855847368	true
0.5	0.819	0.6204774728095377	0.48610791871168135	-0.48610791871168135	-1.2690579239064177	0.7365578523829411	0.8791873949691001	true
0.5	0.82	0.6261747699225139	0.5094675403150689	-0.5094675403150689	-1.2699246364057124	0.7436333070391009	0.8883878258902572	true
0.5	0.821	0.6315653819515703	0.530423862954475	-0.530423862954475	-1.2708070531887767	0.7499272946509976	0.8964054315377059	true
0.5	0.822	0.6366975865171598	0.5494410243337954	-0.5494410243337954	-1.2717043020247758	0.755595538258509	0.9034739979943938	true
0.5	0.823	0.6416074478850259	0.566853055333849	-0.566853055333849	-1.2726156296766424	0.7607515869941398	0.9097644068782373	true
0.5	0.824	0.6463228219937913	0.5829095948936214	-0.5829095948936214	-1.2735403739559332	0.7654809583336888	0.9154056394928114	true
0.5	0.825	0.650865808135319	0.5978029001284805	-0.5978029001284805	-1.2744779444935954	0.769849747605898	0.9204975867220743	true
0.5	0.826	0.6552543270047486	0.6116847046497093	-0.6116847046497093	-1.275427808983799	0.7739101349670209	0.9251192569837146	true
0.5	0.827	0.659503178800646	0.6246772186181799	-0.6246772186181799	-1.2763894830257818	0.7777040521021548	0.929334250507644	true
0.5	0.828	0.663624777062169	0.6368805744850261	-0.6368805744850261	-1.2773625224216825	0.7812657060317626	0.9331945334349758	true
0.5	0.829	0.6676296724016858	0.6483780251601041	-0.6483780251601041	-1.2783465172043642	0.7846233655987342	0.9367431135313854	true
0.5	0.83	0.6715269355698688	0.6592396701368591	-0.6592396701368591	-1.2793410869168347	0.787800656665628	0.9400159830196338	true
0.5	0.831	0.6753244436027072	0.6695251878823878	-0.6695251878823878	-1.2803458768182185	0.790817520720804	0.9430435586315619	true
0.5	0.832	0.6790290975790566	0.6792858797973631	-0.6792858797973631	-1.2813605547895173	0.7936909373049815	0.9458517684065088	true
0.5	0.833	0.6826469910662374	0.6885662262089084	-0.6885662262089084	-1.2823848087772767	0.7964354771829782	0.9484628850122101	true
0.5	0.834	0.6861835423418391	0.6974050894817411	-0.6974050894817411	-1.283418344657222	0.7990637319530063	0.9508961737861877	true
0.5	0.835	0.6896435994800049	0.7058366570993588	-0.7058366570993588	-1.2844608844303838	0.8015866518998962	0.9531684030269267	true
0.5	0.836	0.6930315249846144	0.7138911905877391	-0.7138911905877391	-1.285512164685763	0.8040138148096915	0.9552942505090236	true
0.5	0.837	0.6963512645230209	0.7215956265379263	-0.7215956265379263	-1.286571935279103	0.8063536419688005	0.9572866305260839	true
0.5	0.838	0.6996064033915241	0.7289740642119984	-0.7289740642119984	-1.2876399581886884	0.8086135734208626	0.9591569595521353	true
0.5	0.839	0.7028002133232438	0.736048164865602	-0.736048164865602	-1.288716006517512	0.8108002113878274	0.9609153738866706	true
0.5	0.84	0.7059356915045178	0.7428374813033735	-0.7428374813033735	-1.2897998636175259	0.8129194385064148	0.9625709092806428	true
0.5	0.841	0.7090155934318679	0.7493597322635008	-0.7493597322635008	-1.2908913223165064	0.8149765160594694	0.9641316503246348	true
0.5	0.842	0.7120424607819097	0.7556310325450566	-0.7556310325450566	-1.2919901842318176	0.8169761661335612	0.9656048555162641	true
0.5	0.843	0.7150186451020568	0.7616660870551856	-0.7616660870551856	-1.293096259158255	0.8189226407086329	0.9669970625418124	true
0.5	0.844	0.7179463281734403	0.7674783557317312	-0.7674783557317312	-1.2942093645194432	0.8208197801451983	0.9683141774821784	true
0.5	0.845	0.7208275395596438	0.7730801943929765	-0.7730801943929765	-1.2953293248740678	0.8226710629355916	0.9695615507642601	true
0.5	0.846	0.7236641718074107	0.778482975680201	-0.778482975680201	-1.296455971469695	0.8244796482361612	0.9707440421491286	true
0.5	0.847	0.7264579937391844	0.7836971935799335	-0.7836971935799335	-1.2975891418380767	0.8262484124246658	0.9718660766342723	true
0.5	0.848	0.7292106619721808	0.7887325538089823	-0.7887325538089823	-1.2987286794268198	0.8279799805930192	0.9729316926580441	true
0.5	0.849	0.7319237311795244	0.7935980528830927	-0.7935980528830927	-1.2998744332630547	0.8296767538895354	0.9739445839739841	true
0.5	0.85	0.7345986630351421	0.7983020470303853	-0.7983020470303853	-1.3010262576453862	0.8313409332529125	0.9749081360339987	true
0.5	0.851	0.7372368341839253	0.802852312828106	-0.802852312828106	-1.3021840118609525	0.8329745401498737	0.9758254577977146	true
0.5	0.852	0.7398395433154322	0.8072561006303188	-0.8072561006303188	-1.303347559924838	0.8345794347355129	0.9766994096084682	true
0.5	0.853	0.742408017471899	0.8115201818291373	-0.8115201818291373	-1.3045167703394789	0.836157331812487	0.9775326277067711	true
0.5	0.854	0.744943417682284	0.8156508907806886	-0.8156508907806886	-1.305691515871991	0.837709814896309	0.9783275458490576	true
0.5	0.855	0.7474468440620429	0.8196541622248701	-0.8196541622248701	-1.3068716733476344	0.8392383486665014	0.9790864144539516	true
0.5	0.856	0.7499193403170317	0.8235355645200099	-0.8235355645200099	-1.3080571234578315	0.8407442899759494	0.979811317547281	true
0.5	0.857	0.7523618978811811	0.8273003295597645	-0.8273003295597645	-1.309247750581361	0.8422288976642741	0.9805041878694363	true
0.5	0.858	0.754775459664802	0.8309533796410948	-0.8309533796410948	-1.3104434426175127	0.8436933413046908	0.9811668203476315	true
0.5	0.859	0.7571609233660882	0.8344993514749088	-0.8344993514749088	-1.3116440908301203	0.8451387089900363	0.9818008841004152	true
0.5	0.86	0.7595191446016296	0.8379426180927606	-0.8379426180927606	-1.3128495897015209	0.8465660143442458	0.9824079332446668	true
0.5	0.861	0.7618509396731391	0.8412873084900977	-0.8412873084900977	-1.3140598367955811	0.847976202787236	0.9829894165621772	true
0.5	0.862	0.7641570880970482	0.84453732544293	-0.84453732544293	-1.3152747326290446	0.8493701571714409	0.9835466862001365	true
0.5	0.863	0.7664383349898888	0.8476963618265834	-0.8476963618265834	-1.316494180550513	0.850748702882852	0.9840810055432694	true
0.5	0.864	0.7686953931758166	0.8507679153192887	-0.8507679153192887	-1.317718086626444	0.8521126124232788	0.9845935562935252	true
0.5	0.865	0.7709289451624848	0.8537553018887167	-0.8537553018887167	-1.3189463595336348	0.8534626095680151	0.9850854448932274	true
0.5	0.866	0.773139644951328	0.8566616681001178	-0.8566616681001178	-1.3201789104576849	0.8547993731316496	0.9855577083453133	true
0.5	0.867	0.7753281197063915	0.8594900023831308	-0.8594900023831308	-1.3214156529969892	0.8561235403870858	0.9860113194991916	true
0.5	0.868	0.7774949712953333	0.8622431453630616	-0.8622431453630616	-1.3226565030718658	0.8574357101748898	0.9864471918591882	true
0.5	0.869	0.7796407777146718	0.8649237993499351	-0.8649237993499351	-1.3239013788384466	0.8587364457355587	0.9868661839656347	true
0.5	0.87	0.7817660944100105	0.8675345370677854	-0.8675345370677854	-1.3251502006069937	0.8600262772934039	0.9872691033926787	true
0.5	0.871	0.7838714555007924	0.8700778096972529	-0.8700778096972529	-1.3264028907643413	0.8613057044173521	0.9876567104017169	true
0.5	0.872	0.7859573749181081	0.8725559542963744	-0.8725559542963744	-1.327659373700185	0.8625751981810402	0.988029721284863	true
0.5	0.873	0.7880243474631884	0.8749712006573057	-0.8749712006573057	-1.328919575736958	0.8638352031420131	0.9883888114289383	true
0.5	0.874	0.7900728497870894	0.8773256776403863	-0.8773256776403863	-1.3301834250630735	0.8650861391561369	0.9887346181251829	true
0.5	0.875	0.7921033413352593	0.8796214190916352	-0.8796214190916352	-1.3314508516693047	0.8663284030517229	0.9890677431600333	true
0.5	0.876	0.7941162651694713	0.881860369235718	-0.881860369235718	-1.3327217872881143	0.8675623701552792	0.9893887551804559	true
0.5	0.877	0.7961120487951432	0.8840443877790269	-0.8840443877790269	-1.3339961653357546	0.8687883957105426	0.9896981918901546	true
0.5	0.878	0.7980911049069299	0.8861752546086145	-0.8861752546086145	-1.3352739208569655	0.8700068161800976	0.9899965620660618	true
0.5	0.879	0.8000538320866442	0.8882546741659756	-0.8882546741659756	-1.3365549904721146	0.8712179504468544	0.9902843474198094	true
0.5	0.88	0.8020006154889052	0.8902842795697145	-0.8902842795697145	-1.3378393123266448	0.8724221009310569	0.9905620043263987	true
0.5	0.881	0.8039318274251072	0.8922656363715487	-0.8922656363715487	-1.3391268260426905	0.8736195546106852	0.990829965407157	true
0.5	0.882	0.8058478279643262	0.894200246142768	-0.894200246142768	-1.3404174726727436	0.8748105839777559	0.991088641009896	true
0.5	0.883	0.8077489654998248	0.8960895498269685	-0.8960895498269685	-1.341711194655251	0.8759954479247622	0.9913384205808532	true
0.5	0.884	0.8096355772262313	0.8979349307959517	-0.8979349307959517	-1.3430079357720435	0.8771743925557111	0.9915796739233476	true
0.5	0.885	0.8115079896695041	0.8997377178276066	-0.8997377178276066	-1.344307641107493	0.8783476519557885	0.9918127523871211	true
0.5	0.886	0.813366519111358	0.9014991877892986	-0.9014991877892986	-1.3456102570093085	0.8795154488916395	0.992037989954974	true
0.5	0.887	0.8152114720368898	0.9032205682227485	-0.9032205682227485	-1.3469157310508866	0.8806779954724384	0.9922557042655271	true
0.5	0.888	0.8170431455615927	0.9049030397757458	-0.9049030397757458	-1.3482240119951299	0.8818354937661184	0.9924661975662649	true
0.5	0.889	0.8188618277831317	0.9065477384165779	-0.9065477384165779	-1.3495350497596679	0.8829881363639205	0.9926697575896418	true
0.5	0.89	0.8206677981883196	0.908155757617789	-0.908155757617789	-1.3508487953834036	0.8841361069210327	0.992866658387452	true
0.5	0.891	0.8224613279627057	0.9097281503094489	-0.9097281503094489	-1.3521652009943217	0.8852795806472227	0.9930571610923409	true
0.5	0.892	0.8242426803573563	0.9112659308170943	-0.9112659308170943	-1.3534842197784989	0.886418724778737	0.9932415146456994	true
0.5	0.893	0.8260121109656606	0.9127700765949464	-0.9127700765949464	-1.354805805950256	0.8875536990067271	0.9934199564624747	true
0.5	0.894	0.8277698680555066	0.9142415299516707	-0.9142415299516707	-1.3561299147233992	0.8886846558905473	0.9935927130682363	true
0.5	0.895	0.8295161928167603	0.9156811995919003	-0.9156811995919003	-1.3574565022834975	0.889811741232861	0.9937600006811199	true
0.5	0.896	0.8312513196636208	0.91708996215823	-0.91708996215823	-1.3587855257611547	0.8909350944427947	0.9939220257711457	true
0.5	0.897	0.832975476455699	0.9184686636050848	-0.9184686636050848	-1.3601169432062155	0.8920548488651774	0.9940789855708928	true
0.5	0.898	0.8346888847746939	0.9198181205811042	-0.9198181205811042	-1.361450713562886	0.893171132100656	0.9942310685680518	true
0.5	0.899	0.8363917601215228	0.9211391216557824	-0.9211391216557824	-1.3627867966457057	0.8942840662953212	0.994378454954585	true
0.5	0.9	0.8380843121709682	0.9224324285628988	-0.9224324285628988	-1.3641251531163483	0.8953937684237822	0.9945213170617772	true
0.5	0.901	0.8397667449468662	0.9236987772973065	-0.9236987772973065	-1.3654657444612055	0.8965003505444512	0.9946598197561098	true
0.5	0.902	0.8414392570537653	0.9249388792322862	-0.9249388792322862	-1.3668085329697308	0.8976039200500114	0.994794120823892	true
0.5	0.903	0.8431020418529238	0.9261534221258266	-0.9261534221258266	-1.368153481713498	0.8987045798960633	0.9949243713246682	true
0.5	0.904	0.8447552876355751	0.927343071082832	-0.927343071082832	-1.3695005545259546	0.8998024288174368	0.9950507159251308	true
0.5	0.905	0.846399177823763	0.9285084695094247	-0.9285084695094247	-1.3708497159828394	0.9008975615373801	0.9951732932199991	true
0.5	0.906	0.8480338911056942	0.9296502399551334	-0.9296502399551334	-1.372200931383225	0.901990068956334	0.9952922360244233	true
0.5	0.907	0.8496596016240227	0.9307689849805235	-0.9307689849805235	-1.3735541667311855	0.9030800383388204	0.9954076716601402	true
0.5	0.908	0.8512764791146753	0.931865287935744	-0.931865287935744	-1.3749093887180328	0.9041675534837501	0.9955197222182554	true
0.5	0.909	0.8528846890435072	0.9329397137064424	-0.9329397137064424	-1.3762665647051224	0.9052526948859508	0.9956285048081424	true
0.5	0.91	0.8544843927684485	0.9339928094580827	-0.9339928094580827	-1.377625662707195	0.9063355398932392	0.9957341317977376	true
0.5	0.911	0.8560757476612527	0.9350251053081851	-0.9350251053081851	-1.37898665137624	0.9074161628501592	0.9958367110350204	true
0.5	0.912	0.8576589072270646	0.9360371149707822	-0.9360371149707822	-1.3803494999858499	0.9084946352344591	0.9959363460580314	true
0.5	0.913	0.8592340212484046	0.9370293364019057	-0.9370293364019057	-1.3817141784160567	0.9095710257902505	0.996033136298195	true
0.5	0.914	0.860801235892055	0.9380022523821162	-0.9380022523821162	-1.383080657138627	0.9106454006498249	0.9961271772677531	true
0.5	0.915	0.8623606938138051	0.938956331075298	-0.938956331075298	-1.3844489072028061	0.9117178234494357	0.9962185607376925	true
0.5	0.916	0.8639125342873664	0.939892026591243	-0.939892026591243	-1.385818900221476	0.9127883554427514	0.9963073749105942	true
0.5	0.917	0.8654568932982469	0.9408097794920903	-0.9408097794920903	-1.3871906083577346	0.9138570556044874	0.9963937045798553	true
0.5	0.918	0.8669939036355229	0.941710017278396	-0.941710017278396	-1.3885640043118652	0.914923980728998	0.9964776312809922	true
0.5	0.919	0.8685236950083003	0.9425931548819048	-0.9425931548819048	-1.389939061308689	0.9159891855274179	0.9965592334392553	true
0.5	0.92	0.8700463941250183	0.9434595951041239	-0.9434595951041239	-1.391315753085281	0.9170527227157516	0.9966385865049282	true
0.5	0.921	0.8715621247891833	0.9443097290552701	-0.9443097290552701	-1.3926940538790458	0.918114643101002	0.9967157630845862	true
0.5	0.922	0.8730710079747723	0.9451439365581646	-0.9451439365581646	-1.3940739384161278	0.9191749956609748	0.9967908330634109	true
0.5	0.923	0.8745731619260023	0.9459625865610513	-0.9459625865610513	-1.3954553819001574	0.9202338276234344	0.9968638637251508	true
0.5	0.924	0.8760687022282007	0.9467660375086543	-0.9467660375086543	-1.3968383600013103	0.9212911845383246	0.9969349198626305	true
0.5	0.925	0.8775577418764319	0.9475546376984528	-0.9475546376984528	-1.3982228488456747	0.9223471103465835	0.9970040638829519	true
0.5	0.926	0.8790403913674598	0.9483287256461662	-0.9483287256461662	-1.3996088250049166	0.9234016474486445	0.9970713559109559	true
0.5	0.927	0.8805167587587965	0.9490886304085161	-0.9490886304085161	-1.4009962654862278	0.9244548367662033	0.9971368538837398	true
0.5	0.928	0.8819869497434089	0.9498346719092985	-0.9498346719092985	-1.4023851477225548	0.9255067178031116	0.9972006136429566	true
0.5	0.929	0.8834510677056544	0.9505671612376138	-0.9505671612376138	-1.4037754495630916	0.9265573287015825	0.9972626890206467	true
0.5	0.93	0.8849092138018445	0.9512864009579793	-0.9512864009579793	-1.4051671492640287	0.9276067062987353	0.9973231319243323	true
0.5	0.931	0.8863614870106974	0.9519926853834764	-0.9519926853834764	-1.4065602254795584	0.9286548861774598	0.9973819924146605	true
0.5	0.932	0.8878079841985157	0.9526863008527977	-0.9526863008527977	-1.4079546572531156	0.9297019027167646	0.9974393187814604	true
0.5	0.933	0.8892488001667566	0.9533675259829629	-0.9533675259829629	-1.4093504240088548	0.9307477891381548	0.997495157614401	true
0.5	0.934	0.8906840277235405	0.9540366319342803	-0.9540366319342803	-1.4107475055433516	0.9317925775526349	0.99754955387343	true
0.5	0.935	0.892113757726522	0.9546938826422877	-0.9546938826422877	-1.4121458820175246	0.9328362990027802	0.997602550952842	true
0.5	0.936	0.8935380791377887	0.9553395350524267	-0.9553395350524267	-1.41354553394877	0.93387898350436	0.9976541907440262	true
0.5	0.937	0.8949570790762514	0.9559738393450451	-0.9559738393450451	-1.4149464422032945	0.9349206600860195	0.9977045136952686	true
0.5	0.938	0.8963708428576085	0.9565970391429983	-0.9565970391429983	-1.4163485879886568	0.9359613568261168	0.9977535588676554	true
0.5	0.939	0.8977794540548801	0.9572093717295084	-0.9572093717295084	-1.4177519528464937	0.9370011008901585	0.9978013639909227	true
0.5	0.94	0.8991829945345491	0.9578110682392802	-0.9578110682392802	-1.4191565186454356	0.9380399185643231	0.9978479655143025	true
0.5	0.941	0.900581544503034	0.9584023538520298	-0.9584023538520298	-1.4205622675742025	0.9390778352886946	0.9978933986564076	true
0.5	0.942	0.9019751825511941	0.9589834479783703	-0.9589834479783703	-1.4219691821348728	0.9401148756890026	0.9979376974528504	true
0.5	0.943	0.9033639856877782	0.9595545644312475	-0.9595545644312475	-1.4233772451363267	0.9411510636060733	0.9979808948007655	true
0.5	0.944	0.9047480293915164	0.9601159116066897	-0.9601159116066897	-1.4247864396878476	0.942186422125918	0.9980230225034673	true
0.5	0.945	0.906127387641404	0.9606676926420313	-0.9606676926420313	-1.4261967491928895	0.9432209736066105	0.9980641113110544	true
0.5	0.946	0.9075021329563759	0.9612101055766169	-0.9612101055766169	-1.427608157342994	0.9442547397050226	0.9981041909603529	true
0.5	0.947	0.9088723364334189	0.9617433435064142	-0.9617433435064142	-1.42902064811186	0.9452877414024023	0.9981432902131091	true
0.5	0.948	0.9102380677753794	0.9622675947262167	-0.9622675947262167	-1.4304342057495594	0.9463199990280532	0.9981814368916508	true
0.5	0.949	0.9115993953365724	0.9627830428809229	-0.9627830428809229	-1.4318488147768935	0.9473515322837374	0.9982186579148925	true
0.5	0.95	0.9129563861479252	0.9632898670970491	-0.9632898670970491	-1.4332644599798865	0.9483823602653342	0.9982549793309318	true
0.5	0.951	0.9143091059511319	0.9637882421170478	-0.9637882421170478	-1.434681126404413	0.9494125014845043	0.9982904263492567	true
0.5	0.952	0.9156576192315573	0.9642783384287253	-0.9642783384287253	-1.4360987993509526	0.9504419738894477	0.9983250233715777	true
0.5	0.953	0.9170019892410832	0.964760322383615	-0.964760322383615	-1.4375174643694757	0.9514707948840302	0.9983587940205364	true
0.5	0.954	0.9183422780388149	0.9652343563247164	-0.9652343563247164	-1.4389371072544455	0.9524989813477567	0.9983917611689693	true
0.5	0.955	0.9196785465116417	0.965700598696139	-0.965700598696139	-1.4403577140399413	0.9535265496532993	0.9984239469662016	true
0.5	0.956	0.9210108544038924	0.9661592041560573	-0.9661592041560573	-1.4417792709948978	0.9545535156841692	0.9984553728641753	true
0.5	0.957	0.922339260344138	0.9666103236844124	-0.9666103236844124	-1.443201764618455	0.9555798948515228	0.9984860596423377	true
0.5	0.958	0.923663821872854	0.9670541046881217	-0.9670541046881217	-1.4446251816354168	0.9566057021104362	0.9985160274316682	true
0.5	0.959	0.9249845954609794	0.9674906910970693	-0.9674906910970693	-1.4460495089918188	0.9576309519748676	0.9985452957370167	true
0.5	0.96	0.9263016365448941	0.9679202234685693	-0.9679202234685693	-1.4474747338505933	0.9586556585334252	0.9985738834600332	true
0.5	0.961	0.9276149995430981	0.9683428390764736	-0.9683428390764736	-1.448900843587341	0.9596798354631094	0.9986018089196765	true
0.5	0.962	0.9289247378812674	0.9687586720034508	-0.9687586720034508	-1.4503278257861938	0.9607034960432497	0.998629089872686	true
0.5	0.963	0.9302309040147949	0.9691678532290074	-0.9691678532290074	-1.4517556682357788	0.9617266531687637	0.9986557435330912	true
0.5	0.964	0.9315335494522852	0.9695705107156876	-0.9695705107156876	-1.4531843589252664	0.9627493193630304	0.9986817865910913	true
0.5	0.965	0.9328327247703452	0.9699667694872252	-0.9699667694872252	-1.454613886040518	0.9637715067896571	0.9987072352305377	true
0.5	0.966	0.9341284796443831	0.9703567517149327	-0.9703567517149327	-1.456044237960311	0.9647932272650723	0.9987321051470875	true
0.5	0.967	0.9354208628618195	0.9707405767903662	-0.9707405767903662	-1.457475403252657	0.9658144922693529	0.9987564115642872	true
0.5	0.968	0.9367099223434842	0.9711183614012868	-0.9711183614012868	-1.4589073706711972	0.9668353129573066	0.9987801692497371	true
0.5	0.969	0.9379957051626918	0.9714902196040772	-0.9714902196040772	-1.4603401291516807	0.9678557001690127	0.9988033925305003	true
0.5	0.97	0.939278257563797	0.9718562628938858	-0.9718562628938858	-1.461773667808521	0.9688756644399714	0.9988260953079248	true
0.5	0.971	0.9405576249816991	0.9722166002734642	-0.9722166002734642	-1.4632079759314285	0.9698952160109869	0.9988482910720154	true
0.5	0.972	0.9418338520534953	0.9725713383153443	-0.9725713383153443	-1.464643042982117	0.9709143648371561	0.9988699929147083	true
0.5	0.973	0.9431069826447513	0.9729205812313089	-0.9729205812313089	-1.466078858591083	0.9719331205976176	0.9988912135437853	true
0.5	0.974	0.9443770598598696	0.9732644309303251	-0.9732644309303251	-1.4675154125544574	0.9729514927038425	0.9989119652951104	true
0.5	0.975	0.945644126059943	0.9736029870795005	-0.9736029870795005	-1.4689526948309206	0.9739694903081872	0.9989322601450046	true
0.5	0.976	0.9469082228785597	0.9739363471622048	-0.9739363471622048	-1.4703906955386925	0.9749871223120314	0.9989521097220432	true
0.5	0.977	0.9481693912371989	0.9742646065344258	-0.9742646065344258	-1.4718294049525795	0.9760043973736211	0.9989715253184187	true
0.5	0.978	0.9494276713602274	0.9745878584794292	-0.9745878584794292	-1.4732688135010905	0.9770213239156355	0.9989905179008884	true
0.5	0.979	0.9506831027907635	0.9749061942614987	-0.9749061942614987	-1.4747089117636127	0.978037910132572	0.9990090981214116	true
0.5	0.98	0.951935724399781	0.9752197031743934	-0.9752197031743934	-1.4761496904676514	0.9790541639974399	0.999027276326954	true
0.5	0.981	0.9531855744079123	0.9755284725958532	-0.9755284725958532	-1.4775911404861222	0.9800700932690981	0.9990450625698456	true
0.5	0.982	0.9544326903935348	0.9758325880328627	-0.9758325880328627	-1.479033252834705	0.9810857054984451	0.9990624666168442	true
0.5	0.983	0.9556771093073638	0.9761321331694714	-0.9761321331694714	-1.480476018669255	0.9821010080348471	0.9990794979583413	true
0.5	0.984	0.9569188674853099	0.976427189912419	-0.976427189912419	-1.4819194292832656	0.9831160080322537	0.9990961658171482	true
0.5	0.985	0.9581580006610175	0.9767178384354297	-0.9767178384354297	-1.4833634761053864	0.9841307124551046	0.9991124791569667	true
0.5	0.986	0.9593945439780943	0.9770041572222201	-0.9770041572222201	-1.4848081506969908	0.9851451280840307	0.9991284466905613	true
0.5	0.987	0.96062853200321	0.9772862231089035	-0.9772862231089035	-1.4862534447497986	0.9861592615214408	0.999144076887722	true
0.5	0.988	0.9618599987329177	0.9775641113219306	-0.9775641113219306	-1.487699350083543	0.9871731191965352	0.9991593779825567	true
0.5	0.989	0.9630889776124213	0.9778378955215384	-0.9778378955215384	-1.489145858643691	0.9881867073709253	0.9991743579813196	true
0.5	0.99	0.9643155015415654	0.9781076478372503	-0.9781076478372503	-1.4905929624992054	0.9892000321432781	0.9991890246691658	true
0.5	0.991	0.9655396028869531	0.9783734389057848	-0.9783734389057848	-1.4920406538403588	0.9902130994542042	0.9992033856170777	true
0.5	0.992	0.9667613134924928	0.9786353379071969	-0.9786353379071969	-1.493488924976588	0.9912259150909023	0.9992174481884708	true
0.5	0.993	0.9679806646896946	0.9788934126000045	-0.9788934126000045	-1.4949377683343934	0.9922384846916518	0.9992312195455738	true
0.5	0.994	0.9691976873077199	0.9791477293553285	-0.9791477293553285	-1.4963871764552827	0.9932508137501527	0.9992447066555867	true
0.5	0.995	0.9704124116831939	0.9793983531900824	-0.9793983531900824	-1.497837141993754	0.9942629076197279	0.9992579162966329	true
0.5	0.996	0.9716248676708542	0.979645347799783	-0.979645347799783	-1.4992876577153218	0.995274771517448	0.9992708550635706	true
0.5	0.997	0.9728350846485243	0.9798887755876975	-0.9798887755876975	-1.5007387164945825	0.9962864105277999	0.9992835293732828	true
0.5	0.998	0.974043091532994	0.980128697698791	-0.980128697698791	-1.5021903113133157	0.997297829606892	0.9992959454704506	true
0.5	0.999	0.9752489167843255	0.9803651740470455	-0.9803651740470455	-1.5036424352586308	0.998309033585857	0.9993081094324597	true
0.5	1.0	0.9764525884157581	0.9805982633449334	-0.9805982633449334	-1.5050950815211397	0.9993200271744858	0.9993200271744858	true
