#  T   alpha   e   m(norm)    m(1)   free_ener    Ï+    energy_dens       convergence
0.2	0.5	0.49933379239580744	0.0	0.0	-0.8887562676751547	0.49999457791739144	0.4999945779173914	true
0.2	0.501	0.4993388124231641	0.0	0.0	-0.888760012663094	0.4999995781894541	0.5024945303438648	true
0.2	0.502	0.49935387200119663	0.0	0.0	-0.8887712474408703	0.500014578505546	0.5049943585246998	true
0.2	0.503	0.49937896961794653	0.0	0.0	-0.8887899714503968	0.5000395773655277	0.5074939375030111	true
0.2	0.504	0.49941410275398634	0.0	0.0	-0.8888161837616512	0.5000745722696671	0.5099931423715321	true
0.2	0.505	0.4994592678831765	0.0	0.0	-0.8888498830728584	0.5001195597193893	0.5124918482975711	true
0.2	0.506	0.4995144604737241	0.0	0.0	-0.8888910677107472	0.5001745352183261	0.5149899305479338	true
0.2	0.507	0.4995796749895403	0.0	0.0	-0.8889397356308795	0.500239493273663	0.5174872645138046	true
0.2	0.508	0.4996549048919026	0.0	0.0	-0.8889958844180529	0.5003144273977869	0.5199837257355749	true
0.2	0.509	0.4997401426414118	0.0	0.0	-0.8890595112867751	0.500399330110228	0.5224791899276094	true
0.2	0.51	0.4998353797002527	1.920127060423387e-16	-1.920127060423387e-16	-0.8891306130818132	0.5004941929398986	0.5249735330029373	true
0.2	0.511	0.4999406065347468	4.476720546157711e-16	-4.476720546157711e-16	-0.8892091862788116	0.5005990064276284	0.5274666310978604	true
0.2	0.512	0.5000558126182044	2.619787588233957e-15	-2.619787588233957e-15	-0.8892952269849849	0.5007137601289898	0.5299583605964676	true
0.2	0.513	0.5001809864340693	9.703159203653663e-15	-9.703159203653663e-15	-0.8893887309398831	0.5008384426174185	0.532448598155044	true
0.2	0.514	0.5003161154793562	3.143915917392511e-14	-3.143915917392511e-14	-0.8894896935162239	0.5009730414876205	0.5349372207263642	true
0.2	0.515	0.5004611862683803	9.434102870865437e-14	-9.434102870865437e-14	-0.8895981097208021	0.5011175433592697	0.5374241055838636	true
0.2	0.516	0.5006161843367714	2.6277514418847266e-13	-2.6277514418847266e-13	-0.8897139741954663	0.5012719338809905	0.5399091303456727	true
0.2	0.517	0.5007810942457768	6.899854207542183e-13	-6.899854207542183e-13	-0.8898372812181645	0.5014361977346239	0.5423921729985067	true
0.2	0.518	0.5009558995868499	1.7122022337700498e-12	-1.7122022337700498e-12	-0.8899680247040644	0.5016103186397755	0.544873111921402	true
0.2	0.519	0.5011405829865149	4.043569312242685e-12	-4.043569312242685e-12	-0.8901061982067384	0.5017942793586415	0.5473518259092864	true
0.2	0.52	0.501335126111512	1.8183274090591311e-12	-1.8183274090591311e-12	-0.8902517949194215	0.5019880617011115	0.5498281941963774	true
0.2	0.521	0.50153950967423	4.140179989245699e-12	-4.140179989245699e-12	-0.8904048076763331	0.5021916465301446	0.5523020964793955	true
0.2	0.522	0.5017537134383837	9.0645585238992e-12	-9.0645585238992e-12	-0.890565228954073	0.5024050137674139	0.5547734129405852	true
0.2	0.523	0.5019777162249878	4.383440842154046e-12	-4.383440842154046e-12	-0.8907330508730784	0.5026281423992214	0.5572420242705355	true
0.2	0.524	0.5022114959185879	9.35246772501011e-12	-9.35246772501011e-12	-0.8909082651991519	0.5028610104826743	0.5597078116907881	true
0.2	0.525	0.5024550294737492	4.805159920348767e-12	-4.805159920348767e-12	-0.8910908633450547	0.5031035951521219	0.5621706569762251	true
0.2	0.526	0.5027082929218119	1.0029197178651134e-11	-1.0029197178651134e-11	-0.8912808363721632	0.5033558726258506	0.5646304424772298	true
0.2	0.527	0.5029712613778975	5.456429713572282e-12	-5.456429713572282e-12	-0.8914781749921952	0.5036178182130303	0.5670870511416096	true
0.2	0.528	0.5032439090481691	1.1173517173840906e-11	-1.1173517173840906e-11	-0.8916828695689948	0.5038894063209137	0.5695403665362735	true
0.2	0.529	0.503526209237339	6.41676161101274e-12	-6.41676161101274e-12	-0.8918949101203837	0.5041706104622752	0.5719902728686544	true
0.2	0.53	0.5038181343564189	1.2922434680919219e-11	-1.2922434680919219e-11	-0.892114286320076	0.5044614032630981	0.5744366550078718	true
0.2	0.531	0.504119655930712	7.810808496250235e-12	-7.810808496250235e-12	-0.8923409874996541	0.5047617564704935	0.5768793985056224	true
0.2	0.532	0.5044307446080384	1.549905224190252e-11	-1.549905224190252e-11	-0.8925750026506031	0.5050716409608549	0.5793183896167946	true
0.2	0.533	0.504751370167191	9.833712682959898e-12	-9.833712682959898e-12	-0.8928163204264101	0.5053910267482424	0.5817535153197981	true
0.2	0.534	0.5050815015266211	1.9256347088066942e-11	-1.9256347088066942e-11	-0.893064929144721	0.5057198829929866	0.584184663336599	true
0.2	0.535	0.5054211067533403	1.2793425876470588e-11	-1.2793425876470588e-11	-0.8933208167895539	0.5060581780105184	0.5866117221524592	true
0.2	0.536	0.5057701530720454	2.4753279096954335e-11	-2.4753279096954335e-11	-0.8935839710135746	0.5064058792804068	0.5890345810353644	true
0.2	0.537	0.5061286068744499	1.7180833844420406e-11	-1.7180833844420406e-11	-0.8938543791404263	0.5067629534556122	0.5914531300551442	true
0.2	0.538	0.5064964337288267	3.2881008111772484e-11	-3.2881008111772484e-11	-0.8941320281671147	0.5071293663719421	0.5938672601022688	true
0.2	0.539	0.5068735983897508	2.3793272184376123e-11	-2.3793272184376123e-11	-0.8944169047664494	0.5075050830577064	0.5962768629063201	true
0.2	0.54	0.5072600648080412	1.7784462149098226e-11	-1.7784462149098226e-11	-0.894708995289542	0.5078900677435704	0.5986818310541344	true
0.2	0.541	0.5076557961408916	3.3941740465937886e-11	-3.3941740465937886e-11	-0.8950082857683506	0.5082842838725953	0.6010820580076025	true
0.2	0.542	0.5080607547621921	2.6356541441827e-11	-2.6356541441827e-11	-0.8953147619182847	0.5086876941104643	0.6034774381211289	true
0.2	0.543	0.5084749022730277	2.1086224361452356e-11	-2.1086224361452356e-11	-0.895628409140854	0.5091002603558884	0.6058678666587423	true
0.2	0.544	0.5088981995123567	4.0123979718076235e-11	-4.0123979718076235e-11	-0.8959492125263733	0.5095219437511862	0.6082532398108516	true
0.2	0.545	0.5093306065678573	3.324817342098544e-11	-3.324817342098544e-11	-0.8962771568567123	0.5099527046930313	0.6106334547106417	true
0.2	0.546	0.5097720827869411	2.8321221481337448e-11	-2.8321221481337448e-11	-0.8966122266080956	0.5103925028433655	0.6130084094501083	true
0.2	0.547	0.510222586787924	5.372021913890806e-11	-5.372021913890806e-11	-0.8969544059539505	0.5108412971404658	0.6153780030957223	true
0.2	0.548	0.5106820764713528	4.726758917467231e-11	-4.726758917467231e-11	-0.8973036787677979	0.5112990458101684	0.6177421357037229	true
0.2	0.549	0.5111505090314794	4.266870563998181e-11	-4.266870563998181e-11	-0.8976600286261912	0.5117657063772345	0.6201007083350342	true
0.2	0.55	0.5116278409678781	3.948763680436139e-11	-3.948763680436139e-11	-0.8980234388116985	0.5122412356768603	0.6224536230698002	true
0.2	0.551	0.5121140280971984	3.7436331673397976e-11	-3.7436331673397976e-11	-0.8983938923159247	0.5127255898663206	0.6248007830215406	true
0.2	0.552	0.5126090255650496	7.148420609920794e-11	-7.148420609920794e-11	-0.8987713718425788	0.5132187244367418	0.6271420923509125	true
0.2	0.553	0.5131127878580126	6.96997392980418e-11	-6.96997392980418e-11	-0.8991558598105801	0.5137205942249999	0.6294774562790894	true
0.2	0.554	0.5136252688157674	6.950888993429418e-11	-6.950888993429418e-11	-0.8995473383572045	0.5142311534257348	0.6318067811007418	true
0.2	0.555	0.5141464216433371	7.0854122074231e-11	-7.0854122074231e-11	-0.8999457893412672	0.5147503556034778	0.6341299741966263	true
0.2	0.556	0.5146761989234396	7.378184783584974e-11	-7.378184783584974e-11	-0.9003511943463454	0.5152781537048853	0.6364469440457746	true
0.2	0.557	0.5152145526289381	7.844262719714824e-11	-7.844262719714824e-11	-0.9007635346840335	0.515814500071073	0.6387576002372838	true
0.2	0.558	0.5157614341353932	8.509796595429232e-11	-8.509796595429232e-11	-0.9011827913972358	0.516359346450044	0.6410618534817035	true
0.2	0.559	0.5163167942336989	9.415290644150101e-11	-9.415290644150101e-11	-0.9016089452634937	0.5169126440092073	0.6433596156220236	true
0.2	0.56	0.5168805831428078	1.0618744293318012e-10	-1.0618744293318012e-10	-0.9020419767983392	0.5174743433479788	0.6456507996442509	true
0.2	0.561	0.5174527505225324	1.2201406452803381e-10	-1.2201406452803381e-10	-0.9024818662586883	0.5180443945104576	0.6479353196875863	true
0.2	0.562	0.5180332454864186	8.57412674009162e-11	-8.57412674009162e-11	-0.9029285936462575	0.5186227469981778	0.6502130910541908	true
0.2	0.563	0.5186220166146883	1.0366983885057425e-10	-1.0366983885057425e-10	-0.903382138711013	0.5192093497829222	0.6524840302185471	true
0.2	0.564	0.5192190119672399	1.2749798614227428e-10	-1.2749798614227428e-10	-0.9038424809546465	0.5198041513195987	0.6547480548364113	true
0.2	0.565	0.5198241790967064	1.000712341705871e-10	-1.000712341705871e-10	-0.9043095996340761	0.5204070995591674	0.6570050837533559	true
0.2	0.566	0.5204374650615611	1.2899783337159988e-10	-1.2899783337159988e-10	-0.9047834737649755	0.5210181419616209	0.6592550370129076	true
0.2	0.567	0.5210588164392677	1.6889042009671603e-10	-1.6889042009671603e-10	-0.9052640821253256	0.5216372255090028	0.6614978358642737	true
0.2	0.568	0.5216881793394674	1.469565153725934e-10	-1.469565153725934e-10	-0.9057514032589868	0.5222642967184667	0.6637334027696632	true
0.2	0.569	0.5223254994172011	1.333335886827864e-10	-1.333335886827864e-10	-0.9062454154793003	0.5228993016553639	0.6659616614112003	true
0.2	0.57	0.5229707218861525	1.874146661176266e-10	-1.874146661176266e-10	-0.9067460968726989	0.5235421859463593	0.6681825366974309	true
0.2	0.571	0.5236237915319182	1.8192403025339188e-10	-1.8192403025339188e-10	-0.907253425302349	0.5241928947925668	0.6703959547694268	true
0.2	0.572	0.5242846527252887	1.8362737354947462e-10	-1.8362737354947462e-10	-0.9077673784118017	0.5248513729826987	0.6726018430064825	true
0.2	0.573	0.5249532494355427	1.925485913149979e-10	-1.925485913149979e-10	-0.9082879336286656	0.525517564906227	0.6748001300314134	true
0.2	0.574	0.5256295252437418	2.0955515314441724e-10	-2.0955515314441724e-10	-0.9088150681682952	0.5261914145665446	0.6769907457154501	true
0.2	0.575	0.5263134233560285	2.3649955838543404e-10	-2.3649955838543404e-10	-0.9093487590374899	0.5268728655941299	0.6791736211827364	true
0.2	0.576	0.5270048866169156	2.765435596030484e-10	-2.765435596030484e-10	-0.9098889830382151	0.5275618612597021	0.6813486888144304	true
0.2	0.577	0.5277038575225628	2.4560951285600126e-10	-2.4560951285600126e-10	-0.9104357167713248	0.5282583444873648	0.6835158822524101	true
0.2	0.578	0.5284102782340397	3.111542460128252e-10	-3.111542460128252e-10	-0.9109889366403037	0.5289622578677341	0.6856751364025875	true
0.2	0.579	0.5291240905905646	3.058903850539459e-10	-3.058903850539459e-10	-0.9115486188550173	0.5296735436710437	0.6878263874378343	true
0.2	0.58	0.5298452361227167	3.1764342556906723e-10	-3.1764342556906723e-10	-0.9121147394354662	0.5303921438602232	0.6899695728005204	true
0.2	0.581	0.530573656065617	3.479738751375802e-10	-3.479738751375802e-10	-0.9126872742155581	0.5311180001039442	0.6921046312046688	true
0.2	0.582	0.5313092913720708	4.0166202023364744e-10	-4.0166202023364744e-10	-0.9132661988468747	0.5318510537896315	0.6942315026377294	true
0.2	0.583	0.5320520827256707	3.8303350409692517e-10	-3.8303350409692517e-10	-0.9138514888024531	0.5325912460364298	0.6963501283619778	true
0.2	0.584	0.5328019705538505	3.922615893586979e-10	-3.922615893586979e-10	-0.9144431193805688	0.5333385177081263	0.6984604509155391	true
0.2	0.585	0.5335588950408897	4.3070591812029433e-10	-4.3070591812029433e-10	-0.9150410657085195	0.534092809426023	0.7005624141130412	true
0.2	0.586	0.5343227961408624	5.062567969463628e-10	-5.062567969463628e-10	-0.9156453027464153	0.534854061581751	0.7026559630459029	true
0.2	0.587	0.5350936135905235	5.206381903911354e-10	-5.206381903911354e-10	-0.9162558052909676	0.5356222143500277	0.7047410440822598	true
0.2	0.588	0.5358712869221338	5.830887015219873e-10	-5.830887015219873e-10	-0.9168725479792779	0.5363972077013488	0.7068176048665308	true
0.2	0.589	0.5366557554762119	5.927981654731097e-10	-5.927981654731097e-10	-0.9174955052926279	0.5371789814146113	0.7088855943186321	true
0.2	0.59	0.5374469584142175	6.668069759466723e-10	-6.668069759466723e-10	-0.918124651560265	0.5379674750896657	0.7109449626328401	true
0.2	0.591	0.5382448347311517	7.051333139581319e-10	-7.051333139581319e-10	-0.9187599609631865	0.5387626281597886	0.7129956612763095	true
0.2	0.592	0.5390493232680819	7.19779991412959e-10	-7.19779991412959e-10	-0.9194014075379177	0.5395643799040784	0.7150376429872519	true
0.2	0.593	0.5398603627245757	8.38442016731169e-10	-8.38442016731169e-10	-0.9200489651802904	0.5403726694597633	0.7170708617727762	true
0.2	0.594	0.54067789167105	8.527441298946704e-10	-8.527441298946704e-10	-0.9207026076492064	0.5411874358344222	0.7190952729064	true
0.2	0.595	0.5415018485610223	9.023611885321339e-10	-9.023611885321339e-10	-0.9213623085704026	0.5420086179181143	0.7211108329252323	true
0.2	0.596	0.542332171743271	1.0171207977300825e-9	-1.0171207977300825e-9	-0.922028041440203	0.542836154495411	0.7231174996268377	true
0.2	0.597	0.5431687994738901	1.1245486025374187e-9	-1.1245486025374187e-9	-0.9226997796292645	0.5436699842573318	0.7251152320657838	true
0.2	0.598	0.5440116699282433	1.2801601848530484e-9	-1.2801601848530484e-9	-0.9233774963863095	0.5445100458131741	0.727103990549874	true
0.2	0.599	0.5448607212128097	1.4406350247068228e-9	-1.4406350247068228e-9	-0.924061164841853	0.5453562777022395	0.7290837366360815	true
0.2	0.6	0.54571589137692	1.5901819174720093e-9	-1.5901819174720093e-9	-0.9247507580119123	0.5462086184054507	0.7310544331261756	true
0.2	0.601	0.5465771184243778	1.892605333047365e-9	-1.892605333047365e-9	-0.9254462488017089	0.5470670063568563	0.7330160440620611	true
0.2	0.602	0.5474443403249661	2.0740839155785654e-9	-2.0740839155785654e-9	-0.9261476100093518	0.5479313799550187	0.7349685347208186	true
0.2	0.603	0.5483174950258326	2.5253595310963905e-9	-2.5253595310963905e-9	-0.9268548143295141	0.5488016775742874	0.7369118716094719	true
0.2	0.604	0.5491965204627541	2.969094537905295e-9	-2.969094537905295e-9	-0.9275678343570846	0.5496778375759482	0.7388460224594691	true
0.2	0.605	0.5500813545712739	3.645708939562388e-9	-3.645708939562388e-9	-0.9282866425908134	0.5505597983192507	0.7407709562208954	true
0.2	0.606	0.550971935297715	4.75943629745516e-9	-4.75943629745516e-9	-0.9290112114369333	0.5514474981723094	0.7426866430564182	true
0.2	0.607	0.5518682006100578	6.381293296970567e-9	-6.381293296970567e-9	-0.9297415132127663	0.552340875522876	0.7445930543349718	true
0.2	0.608	0.5527700885086899	1.0015805751454885e-8	-1.0015805751454885e-8	-0.9304775201503139	0.5532398687889807	0.7464901626251874	true
0.2	0.609	0.5536775370370188	2.1370303815398347e-8	-2.1370303815398347e-8	-0.9312192043998238	0.5541444164294407	0.7483779416885731	true
0.2	0.61	0.5547950641770777	0.07452188515850354	-0.07452188515850354	-0.9319666529269762	0.5558628358933915	0.7539307383099324	true
0.2	0.611	0.5581154306520569	0.2641835475671899	-0.2641835475671899	-0.9327387392036732	0.5653188991063935	0.7942370012387138	true
0.2	0.612	0.561310704984541	0.3590381208287469	-0.3590381208287469	-0.9335475490047648	0.5729632987861938	0.8257359037710642	true
0.2	0.613	0.5643897125526001	0.42824896690948994	-0.42824896690948994	-0.9343908292522475	0.5792953211618759	0.8508704538186043	true
0.2	0.614	0.5673604860133402	0.4834247100563677	-0.4834247100563677	-0.9352664971829809	0.5846482172588395	0.8712697304636089	true
0.2	0.615	0.5702303518140165	0.5293445080565854	-0.5293445080565854	-0.9361726246381729	0.5892527397273133	0.8880605134507283	true
0.2	0.616	0.5730060059089813	0.5685621245679294	-0.5685621245679294	-0.9371074240818316	0.5932735979964956	0.9020460650054541	true
0.2	0.617	0.5756935799186066	0.6026449036999684	-0.6026449036999684	-0.9380692361267511	0.5968314025512407	0.9138137323584211	true
0.2	0.618	0.5782986991478786	0.6326422679036959	-0.6326422679036959	-0.9390565183789019	0.6000164159559965	0.9238023625108157	true
0.2	0.619	0.5808265335926339	0.6593002000345917	-0.6593002000345917	-0.9400678354380851	0.6028974690654211	0.9323460040207359	true
0.2	0.62	0.5832818429029402	0.683172617532561	-0.683172617532561	-0.9411018499154367	0.6055279148123031	0.9397030805315726	true
0.2	0.621	0.5856690161048284	0.704684666838803	-0.704684666838803	-0.9421573143475079	0.607949706821011	0.9460763691871268	true
0.2	0.622	0.5879921068253822	0.7241712312800997	-0.7241712312800997	-0.9432330639028518	0.6101962569422271	0.9516269921859897	true
0.2	0.623	0.5902548645567022	0.7419016437054755	-0.7419016437054755	-0.9443280097908021	0.6122944774274032	0.956484411418147	true
0.2	0.624	0.5924607624904059	0.7580962431985169	-0.7580962431985169	-0.9454411332938646	0.614266266499676	0.9607536951683014	true
0.2	0.625	0.5946130223558284	0.772937867074265	-0.772937867074265	-0.9465714803551543	0.6161296063324911	0.9645208856809643	true
0.2	0.626	0.5967146366271889	0.7865800670326702	-0.7865800670326702	-0.9477181566608976	0.6178993862669155	0.9678570208275666	true
0.2	0.627	0.5987683884082583	0.7991531324854693	-0.7991531324854693	-0.9488803231654128	0.619588028084197	0.9708211864799858	true
0.2	0.628	0.6007768693072422	0.810768602761778	-0.810768602761778	-0.9500571920123368	0.6212059665991805	0.9734628606631323	true
0.2	0.629	0.602742495484855	0.8215227105406102	-0.8215227105406102	-0.9512480228113782	0.6227620230337125	0.9758237331045571	true
0.2	0.63	0.6046675221328919	0.8314990532500484	-0.8314990532500484	-0.9524521192346334	0.6242636980072617	0.9779391316468783	true
0.2	0.631	0.6065540565366389	0.8407706953181061	-0.8407706953181061	-0.9536688259006557	0.6257174035455437	0.9798391505775914	true
0.2	0.632	0.6084040698943958	0.849401843845269	-0.849401843845269	-0.9548975255180775	0.627128648362955	0.9815495506817978	true
0.2	0.633	0.6102194080097069	0.8574491993556752	-0.8574491993556752	-0.9561376362637143	0.6285021869799066	0.9830924827349418	true
0.2	0.634	0.6120018010074348	0.8649630559774788	-0.8649630559774788	-0.9573886093728613	0.6298421406210583	0.9844870733074708	true
0.2	0.635	0.6137528721415353	0.8719882055459289	-0.8719882055459289	-0.9586499269218909	0.631152095883788	0.9857499022030439	true
0.2	0.636	0.6154741458330136	0.8785646870549817	-0.8785646870549817	-0.9599210997853883	0.6324351857913283	0.9868953940724408	true
0.2	0.637	0.6171670549772594	0.8847284123604354	-0.8847284123604354	-0.9612016657519281	0.6336941567536285	0.9879361414459565	true
0.2	0.638	0.6188329476208692	0.890511692338741	-0.890511692338741	-0.9624911877842446	0.6349314242025518	0.9888831726867888	true
0.2	0.639	0.6204730930602802	0.8959436820730403	-0.8959436820730403	-0.9637892524110052	0.6361491190537671	0.9897461753813105	true
0.2	0.64	0.6220886874293655	0.9010507597766164	-0.9010507597766164	-0.9650954682386832	0.6373491267012863	0.9905336834869393	true
0.2	0.641	0.623680858804809	0.9058568509275565	-0.9058568509275565	-0.9664094645731747	0.6385331198891293	0.9912532348044409	true
0.2	0.642	0.6252506719086618	0.9103837070926057	-0.9103837070926057	-0.9677308901418109	0.639702586552573	0.9919115040841221	true
0.2	0.643	0.6267991324088187	0.9146511466772287	-0.9146511466772287	-0.9690594119073419	0.6408588534846849	0.9925144159505837	true
0.2	0.644	0.6283271908912409	0.918677263877573	-0.918677263877573	-0.9703947139662437	0.6420031065430799	0.993067241109418	true
0.2	0.645	0.629835746504537	0.9224786106070998	-0.9224786106070998	-0.9717364965244504	0.6431364079581865	0.9935746785783767	true
0.2	0.646	0.6313256503251656	0.9260703555741367	-0.9260703555741367	-0.9730844749442377	0.6442597112158214	0.9940409262322042	true
0.2	0.647	0.6327977084614629	0.9294664238320128	-0.9294664238320128	-0.9744383788565707	0.645373873894906	0.9944697415129431	true
0.2	0.648	0.6342526849209348	0.9326796196057219	-0.9326796196057219	-0.975797951333737	0.6464796687767714	0.9948644938399236	true
0.2	0.649	0.6356913042616174	0.935721734732511	-0.935721734732511	-0.9771629481175639	0.6475777934878568	0.9952282099878936	true
0.2	0.65	0.6371142540462433	0.9386036446795294	-0.9386036446795294	-0.9785331368989163	0.6486688788935778	0.9955636134873584	true
0.2	0.651	0.6385221871161202	0.9413353937949528	-0.9413353937949528	-0.9799082966445758	0.6497534964252374	0.9958731589264537	true
0.2	0.652	0.6399157236999853	0.9439262711962566	-0.9439262711962566	-0.9812882169679068	0.6508321644924485	0.9961590618906833	true
0.2	0.653	0.6412954533716464	0.9463848784900153	-0.9463848784900153	-0.9826726975400574	0.6519053541093457	0.9964233251592929	true
0.2	0.654	0.6426619368681906	0.9487191903407043	-0.9487191903407043	-0.9840615475386866	0.6529734938427483	0.9966677616796072	true
0.2	0.655	0.6440157077842983	0.9509366087793854	-0.9509366087793854	-0.9854545851314888	0.6540369741748323	0.9968940147633952	true
0.2	0.656	0.6453572741426729	0.953044011964926	-0.953044011964926	-0.9868516369919903	0.6550961513562661	0.9971035758733683	true
0.2	0.657	0.6466871198627598	0.9550477980974146	-0.9550477980974146	-0.988252537845316	0.6561513508187867	0.9972978003269184	true
0.2	0.658	0.6480057061299127	0.9569539250201542	-0.9569539250201542	-0.9896571300417989	0.6572028702027	0.9974779211849434	true
0.2	0.659	0.6493134726680424	0.9587679459830479	-0.9587679459830479	-0.9910652631564866	0.6582509820472587	0.9976450615564653	true
0.2	0.66	0.6506108389326953	0.9604950420283668	-0.9604950420283668	-0.9924767936127399	0.6592959361875367	0.9978002455246414	true
0.2	0.661	0.6518982052264112	0.9621400513526589	-0.9621400513526589	-0.9938915843282783	0.660337961892991	0.9979444078634143	true
0.2	0.662	0.6531759537364326	0.963707495951775	-0.963707495951775	-0.9953095043821343	0.6613772697780341	0.9980784026906191	true
0.2	0.663	0.6544444495134892	0.9652016058783449	-0.9652016058783449	-0.9967304287011182	0.6624140535137121	0.9982030111924929	true
0.2	0.664	0.655704041381087	0.9666263413124003	-0.9666263413124003	-0.998154237764482	0.6634484913615258	0.9983189485233435	true
0.2	0.665	0.6569550627947306	0.9679854127141767	-0.9679854127141767	-0.9995808173255809	0.6644807475520513	0.9984268699840291	true
0.2	0.666	0.6581978326412468	0.9692822992113862	-0.9692822992113862	-1.0010100581494275	0.6655109735241005	0.9985273765570677	true
0.2	0.667	0.6594326559952928	0.9705202654346118	-0.9705202654346118	-1.0024418557650927	0.6665393090418499	0.9986210198775302	true
0.2	0.668	0.660659824823762	0.9717023769168152	-0.9717023769168152	-1.0038761102320077	0.667565883201795	0.9987083066985104	true
0.2	0.669	0.6618796186534456	0.9728315142289072	-0.9728315142289072	-1.0053127259192798	0.6685908153430972	0.998789702912237	true
0.2	0.67	0.6630923051948794	0.9739103859445467	-0.9739103859445467	-1.006751611297194	0.669614215870499	0.9988656371721308	true
0.2	0.671	0.664298140930211	0.9749415405577038	-0.9749415405577038	-1.0081926787401438	0.6706361869997429	0.9989365041611709	true
0.2	0.672	0.6654973716690197	0.9759273774532625	-0.9759273774532625	-1.0096358443402762	0.6716568234337762	0.9990026675450545	true
0.2	0.673	0.6666902330679999	0.9768701570012143	-0.9768701570012143	-1.0110810277311926	0.6726762129762178	0.99906446264162	true
0.2	0.674	0.6678769511249993	0.9777720098738931	-0.9777720098738931	-1.012528151921089	0.673694437089425	0.9991221988390201	true
0.2	0.675	0.6690577426419948	0.9786349456375444	-0.9786349456375444	-1.0139771431347693	0.6747115714019778	0.9991761617864805	true
0.2	0.676	0.6702328156625055	0.9794608606907929	-0.9794608606907929	-1.0154279306639917	0.6757276861710357	0.9992266153821661	true
0.2	0.677	0.6714023698864942	0.9802515456096255	-0.9802515456096255	-1.016880446725654	0.6767428467041503	0.9992738035791373	true
0.2	0.678	0.6725665970601857	0.981008691940462	-0.981008691940462	-1.018334626327358	0.6777571137440974	0.9993179520265558	true
0.2	0.679	0.673725681344862	0.981733898493949	-0.981733898493949	-1.0197904071399113	0.678770543820557	0.9993592695632791	true
0.2	0.68	0.6748797996673146	0.9824286771839905	-0.9824286771839905	-1.0212477293763713	0.6797831895719249	0.9993979495786979	true
0.2	0.681	0.6760291220495727	0.9830944584419938	-0.9830944584419938	-1.0227065356772502	0.6807951000397524	0.9994341712528583	true
0.2	0.682	0.6771738119212642	0.9837325962457338	-0.9837325962457338	-1.0241667710015219	0.6818063209385749	0.9994681006880866	true
0.2	0.683	0.678314026417064	0.9843443727966735	-0.9843443727966735	-1.0256283825231138	0.682816894903514	0.999499891942788	true
0.2	0.684	0.6794499166568017	0.9849310028670692	-0.9849310028670692	-1.0270913195325588	0.6838268617174078	0.9995296879759019	true
0.2	0.685	0.6805816280111467	0.9854936378469581	-0.9854936378469581	-1.0285555333435283	0.6848362585194869	0.9995576215108573	true
0.2	0.686	0.6817093003552475	0.9860333695172818	-0.9860333695172818	-1.0300209772039706	0.6858451199973679	0.9995838158268094	true
0.2	0.687	0.6828330683074607	0.9865512335635278	-0.9865512335635278	-1.0314876062115996	0.6868534785635627	0.9996083854830924	true
0.2	0.688	0.6839530614571537	0.9870482128557457	-0.9870482128557457	-1.0329553772334974	0.6878613645181114	0.9996314369836453	true
0.2	0.689	0.685069404580111	0.9875252405087501	-0.9875252405087501	-1.0344242488296032	0.6888688061983882	0.9996530693864129	true
0.2	0.69	0.6861822178447264	0.9879832027434345	-0.9879832027434345	-1.0358941811798812	0.6898758301173632	0.9996733748631238	true
0.2	0.691	0.6872916170064011	0.988422941558499	-0.988422941558499	-1.037365136014968	0.6908824610910875	0.9996924392132754	true
0.2	0.692	0.6883977135932454	0.9888452572308611	-0.9888452572308611	-1.0388370765501127	0.6918887223564878	0.9997103423368198	true
0.2	0.693	0.6895006150826611	0.9892509106556198	-0.9892509106556198	-1.0403099674222402	0.6928946356802168	0.9997271586689829	true
0.2	0.694	0.6906004250688907	0.9896406255365319	-0.9896406255365319	-1.0417837746299636	0.6939002214592779	0.9997429575804441	true
0.2	0.695	0.6916972434235856	0.990015090440185	-0.990015090440185	-1.0432584654764014	0.694905498814205	0.9997578037460997	true
0.2	0.696	0.6927911664476393	0.9903749607201272	-0.9903749607201272	-1.0447340085146466	0.6959104856752644	0.9997717574847527	true
0.2	0.697	0.6938822870165297	0.9907208603229117	-0.9907208603229117	-1.0462103734957535	0.696915198862362	0.9997848750724708	true
0.2	0.698	0.6949706947182187	0.991053383482278	-0.991053383482278	-1.0476875313191139	0.6979196541590795	0.9997972090316277	true
0.2	0.699	0.6960564759856984	0.9913730963117103	-0.9913730963117103	-1.0491654539850954	0.6989238663814064	0.9998088083979007	true
0.2	0.7	0.6971397142223112	0.9916805382991448	-0.9916805382991448	-1.050644114549835	0.6999278494414638	0.9998197189667409	true
0.2	0.701	0.6982204899219066	0.9919762237129494	-0.9919762237129494	-1.0521234870820717	0.7009316164067091	0.9998299835212447	true
0.2	0.702	0.6992988807834063	0.9922606429241224	-0.9922606429241224	-1.0536035466219213	0.7019351795549336	0.9998396420428408	true
0.2	0.703	0.7003749618202597	0.9925342636505674	-0.9925342636505674	-1.055084269141494	0.7029385504253893	0.9998487319062174	true
0.2	0.704	0.7014488054646456	0.9927975321280691	-0.9927975321280691	-1.0565656315072622	0.703941739866318	0.9998572880597033	true
0.2	0.705	0.7025204816677408	0.9930508742141714	-0.9930508742141714	-1.0580476114440978	0.7049447580792131	0.9998653431923943	true
0.2	0.706	0.7035900579948134	0.993294696427415	-0.993294696427415	-1.059530187500889	0.7059476146599873	0.999872927888905	true
0.2	0.707	0.7046575997165201	0.9935293869276005	-0.9935293869276005	-1.061013339017667	0.7069503186373323	0.9998800707728542	true
0.2	0.708	0.7057231698961394	0.9937553164402397	-0.9937553164402397	-1.0624970460941687	0.7079528785084584	0.9998867986399124	true
0.2	0.709	0.7067868294730735	0.9939728391289125	-0.9939728391289125	-1.0639812895597573	0.7089553022724151	0.9998931365812388	true
0.2	0.71	0.7078486373424817	0.9941822934184448	-0.9941822934184448	-1.0654660509446496	0.7099575974611528	0.9998991080980212	true
0.2	0.711	0.7089086504320651	0.994384002772955	-0.994384002772955	-1.0669513124523786	0.7109597711685292	0.9999047352078816	true
0.2	0.712	0.7099669237750049	0.994578276430242	-0.994578276430242	-1.068437056933432	0.7119618300773578	0.9999100385436576	true
0.2	0.713	0.7110235105801228	0.9947654100962446	-0.9947654100962446	-1.0699232678600201	0.7129637804846809	0.9999150374452308	true
0.2	0.714	0.7120784622990304	0.9949456866015882	-0.9949456866015882	-1.071409929301909	0.7139656283253742	0.9999197500448823	true
0.2	0.715	0.7131318286905245	0.9951193765226468	-0.9951193765226468	-1.0728970259032773	0.7149673791942072	0.9999241933466803	true
0.2	0.716	0.7141836578820694	0.9952867387689609	-0.9952867387689609	-1.0743845428605459	0.7159690383664604	0.9999283833003133	true
0.2	0.717	0.715233996429247	0.9954480211398107	-0.9954480211398107	-1.075872465901137	0.7169706108172239	0.9999323348698519	true
0.2	0.718	0.7162828893722507	0.9956034608507012	-0.9956034608507012	-1.077360781263117	0.717972101239434	0.9999360620977186	true
0.2	0.719	0.7173303802903495	0.9957532850323756	-0.9957532850323756	-1.0788494756756855	0.7189735140607646	0.999939578164292	true
0.2	0.72	0.7183765113540909	0.9958977112036215	-0.9958977112036215	-1.0803385363404743	0.7199748534594375	0.9999428954434308	true
0.2	0.721	0.7194213233754029	0.9960369477194582	-0.9960369477194582	-1.0818279509136113	0.7209761233790322	0.9999460255542225	true
0.2	0.722	0.7204648558556909	0.9961711941961316	-0.9961711941961316	-1.083317707488524	0.7219773275423582	0.999948979409226	true
0.2	0.723	0.7215071470320532	0.9963006419142788	-0.9963006419142788	-1.0848077945794452	0.7229784694644589	0.9999517672594658	true
0.2	0.724	0.7225482339215039	0.9964254742013298	-0.9964254742013298	-1.0862982011055895	0.7239795524647963	0.9999543987363962	true
0.2	0.725	0.7235881523637948	0.996545866794789	-0.996545866794789	-1.0877889163759702	0.7249805796786863	0.9999568828910795	true
0.2	0.726	0.7246269370622128	0.9966619881868379	-0.9966619881868379	-1.0892799300748333	0.7259815540680186	0.9999592282307393	true
0.2	0.727	0.7256646216229687	0.9967739999517988	-0.9967739999517988	-1.0907712322476706	0.7269824784313171	0.999961442752899	true
0.2	0.728	0.7267012385930272	0.9968820570572098	-0.9968820570572098	-1.092262813287802	0.7279833554131843	0.9999635339772681	true
0.2	0.729	0.727736819496478	0.9969863081594519	-0.9969863081594519	-1.0937546639234874	0.7289841875131663	0.9999655089755303	true
0.2	0.73	0.7287713948695167	0.9970868958847809	-0.9970868958847809	-1.0952467752055544	0.7299849770940806	0.9999673743991837	true
0.2	0.731	0.729804994294091	0.9971839570965597	-0.9971839570965597	-1.0967391384955145	0.7309857263898366	0.9999691365055633	true
0.2	0.732	0.7308376464302941	0.9972776231494557	-0.9972776231494557	-1.0982317454541515	0.7319864375127859	0.9999708011821764	true
0.2	0.733	0.731869379047428	0.9973680201312076	-0.9973680201312076	-1.0997245880305564	0.7329871124606293	0.9999723739694569	true
0.2	0.734	0.7329002190541261	0.9974552690928927	-0.9974552690928927	-1.101217658451596	0.733987753122913	0.9999738600820631	true
0.2	0.735	0.7339301925271181	0.9975394862679423	-0.9975394862679423	-1.1027109492117884	0.7349883612871345	0.9999752644287984	true
0.2	0.736	0.734959324739049	0.9976207832807862	-0.9976207832807862	-1.104204453063578	0.7359889386444864	0.9999765916312602	true
0.2	0.737	0.7359876401852424	0.9976992673455559	-0.9976992673455559	-1.1056981630079854	0.7369894867952629	0.9999778460413004	true
0.2	0.738	0.7370151626094812	0.9977750414553872	-0.9977750414553872	-1.1071920722856203	0.7379900072539425	0.9999790317573759	true
0.2	0.739	0.7380419150288426	0.9978482045628142	-0.9978482045628142	-1.1086861743680392	0.7389905014539783	0.9999801526398642	true
0.2	0.74	0.7390679197576303	0.9979188517517132	-0.9979188517517132	-1.1101804629494405	0.7399909707523031	0.999981212325411	true
0.2	0.741	0.7400931984304354	0.9979870744012382	-0.9979870744012382	-1.1116749319386707	0.7409914164335744	0.9999822142403777	true
0.2	0.742	0.7411177720243836	0.9980529603421607	-0.9980529603421607	-1.113169575451544	0.741991839714172	0.9999831616134439	true
0.2	0.743	0.7421416608805025	0.9981165940059477	-0.9981165940059477	-1.1146643878034481	0.7429922417459629	0.999984057487423	true
0.2	0.744	0.7431648847244836	0.9981780565670964	-0.9981780565670964	-1.1161593635022342	0.7439926236198525	0.9999849047303442	true
0.2	0.745	0.744187462686541	0.9982374260788575	-0.9982374260788575	-1.1176544972413762	0.7449929863691275	0.9999857060458431	true
0.2	0.746	0.7452094133206522	0.998294777602838	-0.998294777602838	-1.1191497838933866	0.7459933309726086	0.9999864639829108	true
0.2	0.747	0.7462307546230977	0.9983501833327273	-0.9983501833327273	-1.120645218503483	0.7469936583576254	0.9999871809450431	true
0.2	0.748	0.7472515040503523	0.9984037127124433	-0.9984037127124433	-1.1221407962834882	0.7479939694028175	0.9999878591988228	true
0.2	0.749	0.7482716785363471	0.9984554325489826	-0.9984554325489826	-1.1236365126059633	0.7489942649407801	0.9999885008819808	true
0.2	0.75	0.749291294509131	0.9985054071202247	-0.9985054071202247	-1.1251323629985581	0.7499945457605582	0.9999891080109594	true
0.2	0.751	0.7503103679069525	0.9985536982779489	-0.9985536982779489	-1.1266283431385682	0.7509948126100013	0.9999896824880194	true
0.2	0.752	0.751328914193785	0.9986003655462848	-0.9986003655462848	-1.1281244488476998	0.7519950661979832	0.9999902261079107	true
0.2	0.753	0.7523469483743278	0.998645466215834	-0.998645466215834	-1.1296206760870264	0.7529953071965001	0.9999907405641404	true
0.2	0.754	0.7533644850084381	0.9986890554336284	-0.9986890554336284	-1.1311170209521295	0.7539955362426494	0.9999912274548624	true
0.2	0.755	0.7543815382251802	0.9987311862892195	-0.9987311862892195	-1.1326134796684197	0.7549957539404993	0.9999916882884117	true
0.2	0.756	0.7553981217362828	0.998771909896959	-0.998771909896959	-1.134110048586632	0.7559959608628536	0.9999921244885049	true
0.2	0.757	0.7564142488491958	0.9988112754747446	-0.9988112754747446	-1.135606724178481	0.7569961575529189	0.9999925373991307	true
0.2	0.758	0.7574299324796967	0.9988493304193631	-0.9988493304193631	-1.1371035030324799	0.7579963445258793	0.9999929282891457	true
0.2	0.759	0.7584451851640706	0.9988861203785921	-0.9988861203785921	-1.138600381849909	0.7589965222703846	0.9999932983565964	true
0.2	0.76	0.7594600190708801	0.9989216893202186	-0.9989216893202186	-1.140097357440932	0.7599966912499566	0.9999936487327875	true
0.2	0.761	0.7604744460123445	0.9989560795981121	-0.9989560795981121	-1.1415944267208515	0.7609968519043182	0.9999939804861028	true
0.2	0.762	0.7614884774553372	0.9989893320154926	-0.9989893320154926	-1.143091586706503	0.7619970046506491	0.9999942946256053	true
0.2	0.763	0.7625021245320179	0.9990214858855236	-0.9990214858855236	-1.1445888345127744	0.7629971498847735	0.9999945921044203	true
0.2	0.764	0.763515398050115	0.9990525790893489	-0.9990525790893489	-1.1460861673492566	0.7639972879822834	0.9999948738229232	true
0.2	0.765	0.7645283085028647	0.9990826481316958	-0.9990826481316958	-1.1475835825170098	0.7649974192995995	0.9999951406317364	true
0.2	0.766	0.7655408660786286	0.9991117281941505	-0.9991117281941505	-1.1490810774054474	0.7659975441749766	0.999995393334553	true
0.2	0.767	0.7665530806701967	0.9991398531862196	-0.9991398531862196	-1.1505786494893306	0.7669976629294529	0.9999956326907932	true
0.2	0.768	0.7675649618837594	0.9991670557942542	-0.9991670557942542	-1.1520762963258724	0.767997775867749	0.9999958594181069	true
0.2	0.769	0.7685765190476489	0.9991933675283828	-0.9991933675283828	-1.1535740155519423	0.7689978832791166	0.9999960741947306	true
0.2	0.77	0.769587761220731	0.9992188187674785	-0.9992188187674785	-1.1550718048813697	0.7699979854381458	0.9999962776617068	true
0.2	0.771	0.770598697200562	0.9992434388022955	-0.9992434388022955	-1.1565696621023471	0.7709980826055242	0.9999964704249746	true
0.2	0.772	0.771609335531271	0.999267255876838	-0.999267255876838	-1.1580675850749191	0.7719981750287586	0.9999966530573396	true
0.2	0.773	0.7726196845111923	0.9992902972280415	-0.9992902972280415	-1.1595655717285656	0.7729982629428573	0.99999682610033	true
0.2	0.774	0.7736297522002509	0.9993125891238421	-0.9993125891238421	-1.161063620059867	0.7739983465709753	0.9999969900659456	true
0.2	0.775	0.7746395464271122	0.9993341568997053	-0.9993341568997053	-1.162561728130251	0.7749984261250262	0.9999971454383064	true
0.2	0.776	0.7756490747961053	0.999355024993678	-0.999355024993678	-1.1640598940638203	0.7759985018062614	0.9999972926752062	true
0.2	0.777	0.7766583446939225	0.999375216980034	-0.999375216980034	-1.1655581160452568	0.7769985738058179	0.9999974322095783	true
0.2	0.778	0.7776673632961106	0.9993947556015679	-0.9993947556015679	-1.167056392317796	0.7779986423052385	0.9999975644508751	true
0.2	0.779	0.7786761375733536	0.9994136628006012	-0.9994136628006012	-1.168554721181274	0.7789987074769631	0.9999976897863719	true
0.2	0.78	0.7796846742975592	0.9994319597487504	-0.9994319597487504	-1.1700531009902424	0.7799987694847951	0.9999978085823948	true
0.2	0.781	0.7806929800477521	0.9994496668755168	-0.9994496668755168	-1.1715515301521495	0.780998828484343	0.9999979211854778	true
0.2	0.782	0.7817010612157849	0.9994668038957428	-0.9994668038957428	-1.173050007125583	0.7819988846234388	0.9999980279234568	true
0.2	0.783	0.7827089240118676	0.9994833898359852	-0.9994833898359852	-1.1745485304185714	0.7829989380425345	0.9999981291065001	true
0.2	0.784	0.7837165744699293	0.9994994430598534	-0.9994994430598534	-1.1760470985869511	0.7839989888750777	0.99999822502808	true
0.2	0.785	0.7847240184527969	0.999514981292348	-0.999514981292348	-1.1775457102327824	0.784999037247868	0.9999983159658914	true
0.2	0.786	0.7857312616572446	0.9995300216432591	-0.9995300216432591	-1.1790443640028228	0.7859990832813942	0.9999984021827177	true
0.2	0.787	0.7867383096188543	0.9995445806296428	-0.9995445806296428	-1.180543058587055	0.786999127090155	0.9999984839272469	true
0.2	0.788	0.7877451677167432	0.9995586741974279	-0.9995586741974279	-1.1820417927172606	0.7879991687829622	0.9999985614348441	true
0.2	0.789	0.7887518411781413	0.999572317742187	-0.999572317742187	-1.1835405651656474	0.7889992084632274	0.9999986349282791	true
0.2	0.79	0.7897583350828286	0.999585526129103	-0.999585526129103	-1.1850393747435202	0.7899992462292367	0.9999987046184143	true
0.2	0.791	0.790764654367436	0.9995983137121689	-0.9995983137121689	-1.1865382202999974	0.7909992821744078	0.9999987707048529	true
0.2	0.792	0.7917708038296148	0.9996106943526479	-0.9996106943526479	-1.1880371007207746	0.7919993163875361	0.9999988333765519	true
0.2	0.793	0.7927767881320775	0.9996226814368284	-0.9996226814368284	-1.1895360149269252	0.7929993489530267	0.9999988928124017	true
0.2	0.794	0.7937826118065181	0.9996342878931	-0.9996342878931	-1.1910349618737448	0.7939993799511165	0.9999989491817711	true
0.2	0.795	0.7947882792574088	0.9996455262083795	-0.9996455262083795	-1.1925339405496345	0.7949994094580825	0.999999002645025	true
0.2	0.796	0.7957937947656867	0.9996564084439132	-0.9996564084439132	-1.194032949975022	0.7959994375464403	0.9999990533540106	true
0.2	0.797	0.796799162492325	0.9996669462504805	-0.9996669462504805	-1.1955319892013172	0.7969994642851331	0.9999991014525192	true
0.2	0.798	0.797804386481797	0.9996771508830219	-0.9996771508830219	-1.1970310573099059	0.7979994897397112	0.9999991470767208	true
0.2	0.799	0.7988094706654368	0.9996870332147189	-0.9996870332147189	-1.198530153411175	0.7989995139725001	0.9999991903555747	true
0.2	0.8	0.7998144188646974	0.9996966037505415	-0.9996966037505415	-1.2000292766435727	0.7999995370427629	0.9999992314112195	true
0.2	0.801	0.8008192347943117	0.9997058726402909	-0.9997058726402909	-1.2015284261726973	0.8009995590068522	0.9999992703593387	true
0.2	0.802	0.8018239220653584	0.9997148496911513	-0.9997148496911513	-1.2030276011904206	0.8019995799183561	0.9999993073095081	true
0.2	0.803	0.8028284841882364	0.999723544379777	-0.999723544379777	-1.2045268009140355	0.8029995998282355	0.9999993423655249	true
0.2	0.804	0.8038329245755513	0.9997319658639278	-0.9997319658639278	-1.2060260245854368	0.8039996187849541	0.9999993756257156	true
0.2	0.805	0.8048372465449087	0.9997401229936719	-0.9997401229936719	-1.2075252714703268	0.8049996368346042	0.9999994071832312	true
0.2	0.806	0.8058414533216393	0.9997480243221787	-0.9997480243221787	-1.2090245408574485	0.8059996540210221	0.9999994371263223	true
0.2	0.807	0.8068455480414282	0.9997556781161063	-0.9997556781161063	-1.2105238320578415	0.8069996703859028	0.9999994655386023	true
0.2	0.808	0.8078495337528728	0.9997630923656118	-0.9997630923656118	-1.212023144404128	0.8079996859689035	0.9999994924992945	true
0.2	0.809	0.8088534134199646	0.9997702747939917	-0.9997702747939917	-1.213522477249819	0.8089997008077462	0.9999995180834664	true
0.2	0.81	0.809857189924497	0.9997772328669685	-0.9997772328669685	-1.2150218299686406	0.8099997149383131	0.999999542362251	true
0.2	0.811	0.8108608660684022	0.9997839738016384	-0.9997839738016384	-1.2165212019538894	0.8109997283947369	0.9999995654030563	true
0.2	0.812	0.8118644445760194	0.9997905045750921	-0.9997905045750921	-1.2180205926178045	0.8119997412094881	0.9999995872697638	true
0.2	0.813	0.8128679280962948	0.9997968319327213	-0.9997968319327213	-1.2195200013909608	0.8129997534134564	0.9999996080229148	true
0.2	0.814	0.8138713192049206	0.999802962396225	-0.999802962396225	-1.221019427721684	0.8139997650360289	0.9999996277198887	true
0.2	0.815	0.814874620406407	0.9998089022713238	-0.9998089022713238	-1.2225188710754824	0.814999776105164	0.9999996464150701	true
0.2	0.816	0.815877834136096	0.9998146576551957	-0.9998146576551957	-1.2240183309345003	0.8159997866474621	0.9999996641600076	true
0.2	0.817	0.8168809627621157	0.9998202344436441	-0.9998202344436441	-1.2255178067969859	0.8169997966882317	0.9999996810035635	true
0.2	0.818	0.8178840085872778	0.9998256383380071	-0.9998256383380071	-1.2270172981767806	0.8179998062515532	0.9999996969920563	true
0.2	0.819	0.8188869738509198	0.999830874851819	-0.999830874851819	-1.2285168046028208	0.8189998153603398	0.9999997121693948	true
0.2	0.82	0.8198898607306926	0.9998359493172323	-0.9998359493172323	-1.23001632561866	0.8199998240363936	0.999999726577205	true
0.2	0.821	0.820892671344298	0.9998408668912103	-0.9998408668912103	-1.2315158607820038	0.8209998323004615	0.9999997402549509	true
0.2	0.822	0.8218954077511734	0.9998456325614985	-0.9998456325614985	-1.233015409664261	0.8219998401722852	0.999999753240048	true
0.2	0.823	0.8228980719541299	0.9998502511523831	-0.9998502511523831	-1.2345149718501092	0.8229998476706522	0.9999997655679713	true
0.2	0.824	0.8239006659009424	0.999854727330245	-0.999854727330245	-1.2360145469370742	0.8239998548134408	0.9999997772723571	true
0.2	0.825	0.8249031914858916	0.999859065608916	-0.999859065608916	-1.237514134535125	0.8249998616176666	0.9999997883851001	true
0.2	0.826	0.825905650551266	0.9998632703548455	-0.9998632703548455	-1.2390137342662797	0.8259998680995216	0.9999997989364435	true
0.2	0.827	0.8269080448888143	0.9998673457920855	-0.9998673457920855	-1.2405133457642226	0.8269998742744179	0.9999998089550678	true
0.2	0.828	0.8279103762411637	0.9998712960070982	-0.9998712960070982	-1.2420129686739405	0.8279998801570231	0.99999981846817	true
0.2	0.829	0.8289126463031884	0.999875124953395	-0.999875124953395	-1.2435126026513623	0.828999885761298	0.9999998275015436	true
0.2	0.83	0.8299148567233482	0.9998788364560122	-0.9998788364560122	-1.2450122473630179	0.8299998911005303	0.9999998360796507	true
0.2	0.831	0.8309170091049812	0.9998824342158307	-0.9998824342158307	-1.2465119024856997	0.830999896187368	0.9999998442256918	true
0.2	0.832	0.8319191050075639	0.999885921813742	-0.999885921813742	-1.2480115677061454	0.8319999010338498	0.9999998519616716	true
0.2	0.833	0.8329211459479324	0.9998893027146715	-0.9998893027146715	-1.2495112427207218	0.8329999056514354	0.9999998593084621	true
0.2	0.834	0.8339231334014714	0.9998925802714596	-0.9998925802714596	-1.2510109272351226	0.8339999100510335	0.9999998662858611	true
0.2	0.835	0.8349250688032658	0.9998957577286067	-0.9998957577286067	-1.2525106209640775	0.834999914243028	0.9999998729126474	true
0.2	0.836	0.8359269535492243	0.9998988382258919	-0.9998988382258919	-1.2540103236310676	0.835999918237304	0.9999998792066354	true
0.2	0.837	0.836928788997165	0.9999018248018601	-0.9999018248018601	-1.2555100349680517	0.8369999220432721	0.999999885184724	true
0.2	0.838	0.8379305764678765	0.9999047203971954	-0.9999047203971954	-1.257009754715201	0.8379999256698911	0.999999890862945	true
0.2	0.839	0.8389323172461424	0.9999075278579701	-0.9999075278579701	-1.2585094826206413	0.83899992912569	0.9999998962565081	true
0.2	0.84	0.839934012581742	0.999910249938789	-0.999910249938789	-1.260009218440207	0.8399999324187887	0.9999999013798424	true
0.2	0.841	0.8409356636904197	0.9999128893058192	-0.9999128893058192	-1.2615089619371962	0.8409999355569178	0.9999999062466381	true
0.2	0.842	0.8419372717548286	0.9999154485397196	-0.9999154485397196	-1.2630087128821417	0.8419999385474377	0.9999999108698849	true
0.2	0.843	0.8429388379254442	0.9999179301384676	-0.9999179301384676	-1.2645084710525831	0.8429999413973566	0.9999999152619076	true
0.2	0.844	0.8439403633214575	0.9999203365200898	-0.9999203365200898	-1.2660082362328495	0.8439999441133464	0.9999999194344	true
0.2	0.845	0.8449418490316376	0.999922670025299	-0.999922670025299	-1.267508008213848	0.8449999467017606	0.9999999233984592	true
0.2	0.846	0.8459432961151734	0.9999249329200406	-0.9999249329200406	-1.269007786792858	0.8459999491686482	0.9999999271646149	true
0.2	0.847	0.8469447056024892	0.9999271273979529	-0.9999271273979529	-1.2705075717733345	0.8469999515197697	0.9999999307428599	true
0.2	0.848	0.8479460784960405	0.9999292555827434	-0.9999292555827434	-1.2720073629647153	0.8479999537606097	0.9999999341426764	true
0.2	0.849	0.8489474157710832	0.9999313195304819	-0.9999313195304819	-1.2735071601822352	0.8489999558963913	0.9999999373730638	true
0.2	0.85	0.849948718376425	0.9999333212318202	-0.9999333212318202	-1.275006963246748	0.8499999579320878	0.9999999404425622	true
0.2	0.851	0.8509499872351521	0.9999352626141325	-0.9999352626141325	-1.2765067719845484	0.8509999598724356	0.9999999433592777	true
0.2	0.852	0.8519512232453397	0.9999371455435848	-0.9999371455435848	-1.2780065862272072	0.8519999617219446	0.9999999461309028	true
0.2	0.853	0.8529524272807384	0.999938971827135	-0.999938971827135	-1.2795064058114058	0.8529999634849104	0.9999999487647397	true
0.2	0.854	0.8539536001914441	0.9999407432144634	-0.9999407432144634	-1.28100623057878	0.853999965165423	0.9999999512677186	true
0.2	0.855	0.8549547428045479	0.99994246139984	-0.99994246139984	-1.282506060375763	0.8549999667673781	0.9999999536464176	true
0.2	0.856	0.8559558559247684	0.999944128023929	-0.999944128023929	-1.2840058950534425	0.8559999682944859	0.999999955907081	true
0.2	0.857	0.856956940335065	0.9999457446755304	-0.9999457446755304	-1.2855057344674128	0.8569999697502795	0.9999999580556361	true
0.2	0.858	0.8579579967972375	0.9999473128932654	-0.9999473128932654	-1.2870055784776366	0.8579999711381242	0.9999999600977095	true
0.2	0.859	0.8589590260525036	0.9999488341672045	-0.9999488341672045	-1.2885054269483112	0.8589999724612252	0.9999999620386424	true
0.2	0.86	0.8599600288220652	0.9999503099404405	-0.9999503099404405	-1.290005279747738	0.8599999737226351	0.9999999638835058	true
0.2	0.861	0.8609610058076559	0.9999517416106093	-0.9999517416106093	-1.291505136748195	0.8609999749252617	0.9999999656371127	true
0.2	0.862	0.861961957692075	0.9999531305313607	-0.9999531305313607	-1.2930049978258153	0.8619999760718742	0.9999999673040337	true
0.2	0.863	0.8629628851397055	0.9999544780137788	-0.9999544780137788	-1.2945048628604678	0.8629999771651106	0.9999999688886078	true
0.2	0.864	0.8639637887970177	0.9999557853277561	-0.9999557853277561	-1.2960047317356436	0.8639999782074835	0.9999999703949545	true
0.2	0.865	0.8649646692930607	0.9999570537033204	-0.9999570537033204	-1.297504604338343	0.8649999792013863	0.9999999718269846	true
0.2	0.866	0.8659655272399363	0.9999582843319205	-0.9999582843319205	-1.2990044805589693	0.8659999801490992	0.9999999731884125	true
0.2	0.867	0.8669663632332635	0.9999594783676655	-0.9999594783676655	-1.3005043602912227	0.8669999810527933	0.9999999744827641	true
0.2	0.868	0.8679671778526299	0.9999606369285264	-0.9999606369285264	-1.3020042434320018	0.8679999819145379	0.9999999757133877	true
0.2	0.869	0.8689679716620264	0.9999617610974952	-0.9999617610974952	-1.3035041298813028	0.8689999827363031	0.9999999768834626	true
0.2	0.87	0.8699687452102766	0.9999628519237084	-0.9999628519237084	-1.3050040195421255	0.8699999835199667	0.9999999779960083	true
0.2	0.871	0.8709694990314466	0.9999639104235303	-0.9999639104235303	-1.3065039123203825	0.8709999842673172	0.9999999790538913	true
0.2	0.872	0.8719702336452504	0.9999649375816033	-0.9999649375816033	-1.3080038081248089	0.871999984980058	0.9999999800598346	true
0.2	0.873	0.8729709495574401	0.9999659343518622	-0.9999659343518622	-1.3095037068668762	0.8729999856598124	0.9999999810164236	true
0.2	0.874	0.8739716472601865	0.9999669016585154	-0.9999669016585154	-1.3110036084607097	0.8739999863081271	0.9999999819261144	true
0.2	0.875	0.8749723272324479	0.999967840396994	-0.999967840396994	-1.312503512823005	0.8749999869264748	0.9999999827912384	true
0.2	0.876	0.8759729899403313	0.9999687514348693	-0.9999687514348693	-1.3140034198729518	0.8759999875162594	0.9999999836140107	true
0.2	0.877	0.8769736358374421	0.9999696356127411	-0.9999696356127411	-1.315503329532158	0.876999988078818	0.9999999843965347	true
0.2	0.878	0.8779742653652218	0.9999704937450955	-0.9999704937450955	-1.3170032417245736	0.877999988615425	0.9999999851408089	true
0.2	0.879	0.878974878953282	0.9999713266211366	-0.9999713266211366	-1.3185031563764227	0.8789999891272939	0.9999999858487306	true
0.2	0.88	0.879975477019724	0.9999721350055892	-0.9999721350055892	-1.3200030734161299	0.8799999896155815	0.9999999865221025	true
0.2	0.881	0.8809760599714522	0.9999729196394761	-0.9999729196394761	-1.3215029927742585	0.88099999008139	0.9999999871626367	true
0.2	0.882	0.8819766282044778	0.9999736812408703	-0.9999736812408703	-1.3230029143834414	0.8819999905257694	0.9999999877719598	true
0.2	0.883	0.882977182104214	0.9999744205056212	-0.9999744205056212	-1.324502838178319	0.8829999909497201	0.9999999883516166	true
0.2	0.884	0.8839777220457662	0.9999751381080607	-0.9999751381080607	-1.3260027640954792	0.8839999913541955	0.9999999889030745	true
0.2	0.885	0.8849782483942081	0.9999758347016818	-0.9999758347016818	-1.327502692073399	0.8849999917401042	0.9999999894277283	true
0.2	0.886	0.8859787615048563	0.999976510919798	-0.999976510919798	-1.3290026220523847	0.8859999921083118	0.9999999899269018	true
0.2	0.887	0.886979261723534	0.9999771673761815	-0.9999771673761815	-1.3305025539745179	0.8869999924596436	0.9999999904018534	true
0.2	0.888	0.887979749386828	0.999977804665679	-0.999977804665679	-1.3320024877836016	0.8879999927948848	0.9999999908537789	true
0.2	0.889	0.8889802248223396	0.9999784233648085	-0.9999784233648085	-1.333502423425108	0.8889999931147854	0.9999999912838136	true
0.2	0.89	0.8899806883489271	0.9999790240323377	-0.9999790240323377	-1.335002360846128	0.8899999934200589	0.9999999916930368	true
0.2	0.891	0.8909811402769431	0.9999796072098419	-0.9999796072098419	-1.3365022999953216	0.8909999937113854	0.9999999920824736	true
0.2	0.892	0.8919815809084648	0.9999801734222451	-0.9999801734222451	-1.3380022408228711	0.8919999939894135	0.999999992453098	true
0.2	0.893	0.8929820105375172	0.9999807231783434	-0.9999807231783434	-1.3395021832804352	0.892999994254761	0.9999999928058357	true
0.2	0.894	0.8939824294502916	0.9999812569713116	-0.9999812569713116	-1.3410021273211037	0.8939999945080167	0.9999999931415662	true
0.2	0.895	0.8949828379253572	0.9999817752791933	-0.9999817752791933	-1.3425020728993549	0.8949999947497418	0.999999993461125	true
0.2	0.896	0.895983236233866	0.9999822785653759	-0.9999822785653759	-1.3440020199710134	0.8959999949804713	0.9999999937653065	true
0.2	0.897	0.8969836246397553	0.9999827672790483	-0.9999827672790483	-1.3455019684932095	0.896999995200715	0.9999999940548651	true
0.2	0.898	0.8979840033999406	0.9999832418556476	-0.9999832418556476	-1.3470019184243396	0.8979999954109589	0.9999999943305178	true
0.2	0.899	0.8989843727645064	0.9999837027172874	-0.9999837027172874	-1.3485018697240285	0.8989999956116654	0.9999999945929463	true
0.2	0.9	0.8999847329768897	0.9999841502731756	-0.9999841502731756	-1.3500018223530923	0.8999999958032766	0.9999999948427979	true
0.2	0.901	0.9009850842740605	0.9999845849200166	-0.9999845849200166	-1.351501776273502	0.9009999959862129	0.9999999950806884	true
0.2	0.902	0.9019854268866949	0.9999850070424029	-0.9999850070424029	-1.35300173144835	0.9019999961608758	0.9999999953072028	true
0.2	0.903	0.9029857610393455	0.9999854170131911	-0.9999854170131911	-1.3545016878418148	0.902999996327647	0.9999999955228969	true
0.2	0.904	0.9039860869506067	0.9999858151938691	-0.9999858151938691	-1.3560016454191288	0.903999996486891	0.999999995728299	true
0.2	0.905	0.9049864048332745	0.9999862019349096	-0.9999862019349096	-1.3575016041465486	0.9049999966389554	0.9999999959239119	true
0.2	0.906	0.9059867148945039	0.9999865775761129	-0.9999865775761129	-1.3590015639913209	0.9059999967841709	0.9999999961102122	true
0.2	0.907	0.9069870173359588	0.9999869424469393	-0.9999869424469393	-1.3605015249216543	0.9069999969228533	0.9999999962876541	true
0.2	0.908	0.9079873123539625	0.9999872968668296	-0.9999872968668296	-1.362001486906693	0.9079999970553035	0.999999996456669	true
0.2	0.909	0.908987600139639	0.999987641145517	-0.999987641145517	-1.363501449916483	0.9089999971818087	0.9999999966176667	true
0.2	0.91	0.9099878808790541	0.9999879755833285	-0.9999879755833285	-1.365001413921952	0.9099999973026416	0.9999999967710371	true
0.2	0.911	0.9109881547533512	0.9999883004714756	-0.9999883004714756	-1.3665013788948759	0.9109999974180635	0.9999999969171506	true
0.2	0.912	0.9119884219388841	0.9999886160923377	-0.9999886160923377	-1.3680013448078598	0.9119999975283227	0.9999999970563596	true
0.2	0.913	0.9129886826073446	0.9999889227197354	-0.9999889227197354	-1.3695013116343093	0.9129999976336562	0.9999999971889988	true
0.2	0.914	0.913988936925889	0.9999892206191954	-0.9999892206191954	-1.3710012793484072	0.91399999773429	0.9999999973153867	true
0.2	0.915	0.9149891850572593	0.9999895100482067	-0.9999895100482067	-1.3725012479250915	0.9149999978304393	0.9999999974358259	true
0.2	0.916	0.9159894271599014	0.9999897912564694	-0.9999897912564694	-1.3740012173400311	0.9159999979223095	0.9999999975506041	true
0.2	0.917	0.9169896633880811	0.9999900644861353	-0.9999900644861353	-1.3755011875696057	0.9169999980100967	0.9999999976599951	true
0.2	0.918	0.9179898938919967	0.9999903299720403	-0.9999903299720403	-1.3770011585908841	0.917999998093987	0.999999997764259	true
0.2	0.919	0.9189901188178863	0.999990587941931	-0.999990587941931	-1.3785011303816022	0.9189999981741593	0.9999999978636432	true
0.2	0.92	0.9199903383081357	0.999990838616682	-0.999990838616682	-1.3800011029201447	0.9199999982507828	0.9999999979583832	true
0.2	0.921	0.9209905525013817	0.9999910822105088	-0.9999910822105088	-1.3815010761855264	0.9209999983240194	0.9999999980487021	true
0.2	0.922	0.9219907615326111	0.9999913189311719	-0.9999913189311719	-1.3830010501573708	0.9219999983940236	0.9999999981348132	true
0.2	0.923	0.9229909655332597	0.9999915489801762	-0.9999915489801762	-1.3845010248158947	0.9229999984609427	0.9999999982169185	true
0.2	0.924	0.9239911646313076	0.9999917725529618	-0.9999917725529618	-1.386001000141889	0.9239999985249168	0.9999999982952104	true
0.2	0.925	0.9249913589513704	0.9999919898390924	-0.9999919898390924	-1.3875009761167014	0.9249999985860802	0.9999999983698719	true
0.2	0.926	0.9259915486147916	0.9999922010224346	-0.9999922010224346	-1.3890009527222216	0.92599999864456	0.999999998441077	true
0.2	0.927	0.9269917337397269	0.9999924062813323	-0.9999924062813323	-1.3905009299408644	0.9269999987004783	0.9999999985089914	true
0.2	0.928	0.9279919144412323	0.9999926057887766	-0.9999926057887766	-1.3920009077555524	0.9279999987539511	0.9999999985737721	true
0.2	0.929	0.928992090831346	0.99999279971257	-0.99999279971257	-1.393500886149703	0.9289999988050897	0.9999999986355693	true
0.2	0.93	0.9299922630191688	0.9999929882154855	-0.9999929882154855	-1.3950008651072139	0.9299999988539989	0.9999999986945252	true
0.2	0.931	0.9309924311109431	0.9999931714554194	-0.9999931714554194	-1.3965008446124465	0.9309999989007799	0.9999999987507752	true
0.2	0.932	0.9319925952101286	0.9999933495855414	-0.9999933495855414	-1.3980008246502154	0.931999998945529	0.9999999988044481	true
0.2	0.933	0.9329927554174774	0.999993522754439	-0.999993522754439	-1.399500805205772	0.9329999989883375	0.9999999988556669	true
0.2	0.934	0.9339929118311057	0.9999936911062576	-0.9999936911062576	-1.401000786264793	0.9339999990292931	0.9999999989045479	true
0.2	0.935	0.9349930645465647	0.9999938547808358	-0.9999938547808358	-1.4025007678133692	0.934999999068479	0.9999999989512021	true
0.2	0.936	0.9359932136569086	0.9999940139138366	-0.9999940139138366	-1.4040007498379898	0.9359999991059751	0.9999999989957353	true
0.2	0.937	0.9369933592527612	0.9999941686368751	-0.9999941686368751	-1.405500732325534	0.9369999991418569	0.9999999990382477	true
0.2	0.938	0.9379935014223806	0.999994319077642	-0.999994319077642	-1.407000715263257	0.9379999991761974	0.9999999990788351	true
0.2	0.939	0.9389936402517234	0.9999944653600233	-0.9999944653600233	-1.4085006986387816	0.9389999992090652	0.9999999991175881	true
0.2	0.94	0.9399937758245044	0.9999946076042147	-0.9999946076042147	-1.4100006824400837	0.9399999992405264	0.9999999991545934	true
0.2	0.941	0.940993908222257	0.9999947459268362	-0.9999947459268362	-1.4115006666554855	0.9409999992706439	0.9999999991899335	true
0.2	0.942	0.9419940375243921	0.9999948804410386	-0.9999948804410386	-1.4130006512736433	0.9419999992994778	0.9999999992236868	true
0.2	0.943	0.9429941638082526	0.9999950112566097	-0.9999950112566097	-1.4145006362835384	0.9429999993270851	0.9999999992559273	true
0.2	0.944	0.9439942871491709	0.9999951384800775	-0.9999951384800775	-1.4160006216744665	0.9439999993535205	0.9999999992867268	true
0.2	0.945	0.9449944076205203	0.9999952622148073	-0.9999952622148073	-1.41750060743603	0.9449999993788365	0.9999999993161521	true
0.2	0.946	0.9459945252937683	0.9999953825610985	-0.9999953825610985	-1.4190005935581276	0.9459999994030824	0.9999999993442681	true
0.2	0.947	0.946994640238527	0.9999954996162784	-0.9999954996162784	-1.4205005800309465	0.9469999994263062	0.9999999993711356	true
0.2	0.948	0.9479947525226019	0.9999956134747903	-0.9999956134747903	-1.4220005668449536	0.9479999994485525	0.999999999396813	true
0.2	0.949	0.948994862212041	0.9999957242282825	-0.9999957242282825	-1.4235005539908878	0.9489999994698652	0.9999999994213558	true
0.2	0.95	0.9499949693711799	0.9999958319656921	-0.9999958319656921	-1.425000541459751	0.9499999994902852	0.9999999994448167	true
0.2	0.951	0.9509950740626885	0.9999959367733272	-0.9999959367733272	-1.4265005292428006	0.9509999995098521	0.9999999994672458	true
0.2	0.952	0.951995176347615	0.9999960387349461	-0.9999960387349461	-1.4280005173315429	0.9519999995286033	0.9999999994886913	true
0.2	0.953	0.9529952762854287	0.9999961379318351	-0.9999961379318351	-1.4295005057177255	0.9529999995465748	0.9999999995091986	true
0.2	0.954	0.9539953739340615	0.9999962344428813	-0.9999962344428813	-1.431000494393329	0.9539999995638008	0.999999999528811	true
0.2	0.955	0.9549954693499498	0.9999963283446477	-0.9999963283446477	-1.4325004833505628	0.9549999995803142	0.9999999995475699	true
0.2	0.956	0.9559955625880724	0.999996419711441	-0.999996419711441	-1.4340004725818556	0.9559999995961461	0.9999999995655146	true
0.2	0.957	0.9569956537019909	0.9999965086153803	-0.9999965086153803	-1.4355004620798502	0.9569999996113261	0.9999999995826825	true
0.2	0.958	0.957995742743886	0.9999965951264634	-0.9999965951264634	-1.437000451837398	0.957999999625883	0.9999999995991093	true
0.2	0.959	0.9589958297645942	0.9999966793126304	-0.9999966793126304	-1.4385004418475518	0.9589999996398436	0.9999999996148289	true
0.2	0.96	0.9599959148136442	0.999996761239825	-0.999996761239825	-1.4400004321035602	0.9599999996532343	0.9999999996298738	true
0.2	0.961	0.9609959979392905	0.9999968409720559	-0.9999968409720559	-1.441500422598862	0.9609999996660795	0.9999999996442747	true
0.2	0.962	0.9619960791885472	0.9999969185714531	-0.9999969185714531	-1.4430004133270806	0.9619999996784028	0.9999999996580611	true
0.2	0.963	0.9629961586072219	0.9999969940983263	-0.9999969940983263	-1.44450040428202	0.9629999996902272	0.9999999996712607	true
0.2	0.964	0.9639962362399456	0.9999970676112176	-0.9999970676112176	-1.4460003954576557	0.9639999997015739	0.9999999996839005	true
0.2	0.965	0.964996312130206	0.9999971391669565	-0.9999971391669565	-1.4475003868481346	0.9649999997124636	0.9999999996960056	true
0.2	0.966	0.965996386320375	0.9999972088207095	-0.9999972088207095	-1.4490003784477665	0.965999999722916	0.9999999997076002	true
0.2	0.967	0.9669964588517412	0.9999972766260306	-0.9999972766260306	-1.4505003702510217	0.96699999973295	0.9999999997187075	true
0.2	0.968	0.9679965297645362	0.99999734263491	-0.99999734263491	-1.4520003622525242	0.9679999997425833	0.9999999997293493	true
0.2	0.969	0.9689965990979632	0.9999974068978202	-0.9999974068978202	-1.4535003544470477	0.9689999997518332	0.9999999997395466	true
0.2	0.97	0.9699966668902242	0.9999974694637621	-0.9999974694637621	-1.4550003468295127	0.9699999997607162	0.9999999997493193	true
0.2	0.971	0.9709967331785458	0.999997530380308	-0.999997530380308	-1.4565003393949825	0.9709999997692477	0.9999999997586864	true
0.2	0.972	0.9719967979992059	0.9999975896936456	-0.9999975896936456	-1.4580003321386554	0.9719999997774429	0.9999999997676662	true
0.2	0.973	0.972996861387558	0.9999976474486182	-0.9999976474486182	-1.4595003250558651	0.9729999997853156	0.9999999997762754	true
0.2	0.974	0.9739969233780548	0.9999977036887648	-0.9999977036887648	-1.461000318142076	0.9739999997928801	0.9999999997845314	true
0.2	0.975	0.9749969840042737	0.9999977584563606	-0.9999977584563606	-1.4625003113928756	0.9749999998001491	0.999999999792449	true
0.2	0.976	0.9759970432989383	0.9999978117924524	-0.9999978117924524	-1.4640003048039758	0.9759999998071349	0.9999999998000436	true
0.2	0.977	0.9769971012939409	0.9999978637368968	-0.9999978637368968	-1.4655002983712073	0.9769999998138497	0.9999999998073293	true
0.2	0.978	0.977997158020365	0.9999979143283949	-0.9999979143283949	-1.467000292090515	0.9779999998203052	0.9999999998143201	true
0.2	0.979	0.9789972135085062	0.9999979636045272	-0.9999979636045272	-1.4685002859579572	0.9789999998265112	0.9999999998210283	true
0.2	0.98	0.9799972677878928	0.9999980116017861	-0.9999980116017861	-1.4700002799697005	0.9799999998324793	0.9999999998274666	true
0.2	0.981	0.9809973208873061	0.9999980583556094	-0.9999980583556094	-1.4715002741220173	0.9809999998382187	0.9999999998336471	true
0.2	0.982	0.9819973728347996	0.9999981039004106	-0.9999981039004106	-1.473000268411283	0.9819999998437392	0.9999999998395804	true
0.2	0.983	0.9829974236577185	0.9999981482696095	-0.9999981482696095	-1.4745002628339727	0.9829999998490495	0.9999999998452778	true
0.2	0.984	0.9839974733827177	0.9999981914956626	-0.9999981914956626	-1.4760002573866577	0.9839999998541589	0.9999999998507493	true
0.2	0.985	0.9849975220357806	0.9999982336100895	-0.9999982336100895	-1.4775002520660039	0.9849999998590755	0.9999999998560049	true
0.2	0.986	0.9859975696422361	0.9999982746435035	-0.9999982746435035	-1.4790002468687693	0.9859999998638068	0.9999999998610534	true
0.2	0.987	0.9869976162267752	0.9999983146256365	-0.9999983146256365	-1.4805002417917998	0.986999999868361	0.999999999865904	true
0.2	0.988	0.9879976618134696	0.9999983535853654	-0.9999983535853654	-1.482000236832028	0.9879999998727453	0.9999999998705655	true
0.2	0.989	0.9889977064257851	0.9999983915507376	-0.9999983915507376	-1.48350023198647	0.9889999998769663	0.9999999998750456	true
0.2	0.99	0.9899977500865997	0.9999984285489955	-0.9999984285489955	-1.4850002272522236	0.9899999998810307	0.9999999998793521	true
0.2	0.991	0.9909977928182179	0.9999984646066006	-0.9999984646066006	-1.486500222626466	0.990999999884945	0.9999999998834924	true
0.2	0.992	0.991997834642386	0.9999984997492559	-0.9999984997492559	-1.488000218106451	0.9919999998887155	0.9999999998874736	true
0.2	0.993	0.9929978755803062	0.9999985340019285	-0.9999985340019285	-1.489500213689506	0.9929999998923473	0.9999999998913024	true
0.2	0.994	0.9939979156526508	0.9999985673888718	-0.9999985673888718	-1.4910002093730321	0.9939999998958468	0.9999999998949851	true
0.2	0.995	0.9949979548795765	0.9999985999336458	-0.9999985999336458	-1.4925002051545015	0.994999999899219	0.9999999998985281	true
0.2	0.996	0.9959979932807377	0.9999986316591375	-0.9999986316591375	-1.4940002010314537	0.9959999999024688	0.9999999999019369	true
0.2	0.997	0.9969980308752991	0.9999986625875822	-0.9999986625875822	-1.4955001970014945	0.9969999999056013	0.9999999999052174	true
0.2	0.998	0.9979980676819482	0.9999986927405802	-0.9999986927405802	-1.4970001930622956	0.9979999999086212	0.9999999999083748	true
0.2	0.999	0.9989981037189092	0.9999987221391174	-0.9999987221391174	-1.498500189211591	0.9989999999115332	0.9999999999114145	true
0.2	1.0	0.9999981390039534	0.9999987508035831	-0.9999987508035831	-1.5000001854471745	0.9999999999143409	0.9999999999143409	true
